trafficlight 0.9660 227 45 241 82
trafficlight 0.0158 220 42 239 86
trafficlight 0.0030 225 43 234 74
trafficlight 0.0019 108 114 117 125
trafficlight 0.0017 107 107 117 119
trafficlight 0.0014 227 61 239 80
trafficlight 0.0012 344 95 349 104
stop 0.0044 226 43 241 77
stop 0.0043 107 107 117 119
stop 0.0025 192 121 199 129
stop 0.0010 339 92 347 106
speedlimit 0.0031 227 45 241 81
speedlimit 0.0017 92 209 127 241
crosswalk 0.0250 108 114 117 125
crosswalk 0.0162 193 134 199 139
crosswalk 0.0023 226 43 241 77
crosswalk 0.0010 246 217 256 223
