trafficlight 0.0140 53 279 58 288
trafficlight 0.0019 197 63 236 100
trafficlight 0.0014 51 267 57 277
trafficlight 0.0013 45 268 50 276
trafficlight 0.0011 208 0 219 4
stop 0.0044 264 249 269 254
stop 0.0042 260 249 264 254
stop 0.0032 264 253 269 257
stop 0.0028 280 245 285 251
stop 0.0027 276 247 281 252
stop 0.0014 197 63 236 100
stop 0.0011 53 282 58 289
stop 0.0010 261 252 265 257
speedlimit 0.9951 198 64 234 100
speedlimit 0.4494 53 282 58 289
speedlimit 0.0611 280 245 285 251
speedlimit 0.0200 276 247 281 252
speedlimit 0.0044 55 283 60 289
speedlimit 0.0038 264 249 269 254
speedlimit 0.0018 279 240 285 249
speedlimit 0.0013 260 249 264 254
crosswalk 0.0074 279 254 286 260
crosswalk 0.0028 117 248 122 254
crosswalk 0.0026 197 63 236 100
crosswalk 0.0021 220 259 225 266
crosswalk 0.0018 53 282 58 289
crosswalk 0.0015 229 255 233 260
