trafficlight 0.1618 214 155 291 249
trafficlight 0.0333 389 126 399 143
trafficlight 0.0298 48 -28 170 172
trafficlight 0.0264 28 -100 187 246
trafficlight 0.0102 84 29 188 229
trafficlight 0.0082 67 138 145 239
trafficlight 0.0081 51 68 167 256
trafficlight 0.0045 157 130 243 212
trafficlight 0.0045 246 191 292 266
trafficlight 0.0040 98 39 164 161
trafficlight 0.0031 95 110 178 213
trafficlight 0.0031 224 35 337 142
trafficlight 0.0025 124 115 213 208
trafficlight 0.0023 183 138 272 214
trafficlight 0.0020 42 120 119 215
trafficlight 0.0017 69 10 148 129
trafficlight 0.0016 23 114 143 266
trafficlight 0.0016 146 95 258 240
trafficlight 0.0015 88 165 120 217
trafficlight 0.0015 33 25 133 238
trafficlight 0.0013 72 76 149 183
trafficlight 0.0013 1 -20 48 107
trafficlight 0.0012 87 164 142 234
trafficlight 0.0012 385 126 396 136
trafficlight 0.0012 61 -21 214 353
trafficlight 0.0011 -10 -23 166 353
trafficlight 0.0011 109 51 220 215
trafficlight 0.0010 -60 -159 157 244
stop 0.0026 224 35 337 142
speedlimit 0.9064 229 29 333 139
crosswalk 0.0027 224 35 337 142
