trafficlight 0.0155 35 320 42 336
trafficlight 0.0031 13 334 21 350
trafficlight 0.0030 117 133 150 171
trafficlight 0.0025 40 308 53 321
trafficlight 0.0013 17 340 23 348
trafficlight 0.0012 -4 314 21 384
stop 0.0030 117 135 151 173
stop 0.0026 40 309 52 321
speedlimit 0.9906 118 133 153 172
speedlimit 0.9859 40 309 52 321
speedlimit 0.0052 34 376 122 399
speedlimit 0.0043 179 391 251 399
speedlimit 0.0038 -7 0 39 8
speedlimit 0.0018 184 384 247 401
speedlimit 0.0014 45 311 55 321
speedlimit 0.0011 38 1 65 18
crosswalk 0.0031 117 133 150 171
crosswalk 0.0021 40 308 53 321
crosswalk 0.0010 25 341 31 346
