trafficlight 0.0785 20 236 24 242
trafficlight 0.0250 18 234 23 240
trafficlight 0.0027 16 232 19 238
trafficlight 0.0026 173 239 182 248
trafficlight 0.0023 50 240 55 246
trafficlight 0.0022 114 239 118 245
trafficlight 0.0019 29 247 34 252
trafficlight 0.0018 22 245 27 251
trafficlight 0.0010 174 245 179 251
stop 0.1132 18 234 23 240
stop 0.0972 114 239 118 245
stop 0.0118 20 236 24 242
stop 0.0104 16 232 19 238
stop 0.0048 120 241 124 247
stop 0.0036 107 241 111 247
stop 0.0031 107 246 111 250
stop 0.0013 113 246 117 249
stop 0.0013 121 246 126 249
stop 0.0012 50 240 55 246
stop 0.0010 34 247 38 252
speedlimit 0.9943 175 227 184 237
speedlimit 0.1993 50 240 55 246
speedlimit 0.0382 20 236 24 242
speedlimit 0.0322 174 245 179 251
speedlimit 0.0220 114 239 118 245
speedlimit 0.0207 51 245 55 251
speedlimit 0.0196 182 246 187 253
speedlimit 0.0186 46 237 49 243
speedlimit 0.0157 18 234 23 240
speedlimit 0.0094 44 232 48 239
speedlimit 0.0053 121 246 126 249
speedlimit 0.0047 113 246 117 249
speedlimit 0.0042 16 232 19 238
speedlimit 0.0041 107 246 111 250
speedlimit 0.0026 120 241 124 247
speedlimit 0.0024 29 247 34 252
speedlimit 0.0024 173 239 182 248
speedlimit 0.0022 169 227 188 238
speedlimit 0.0019 107 241 111 247
speedlimit 0.0018 34 247 38 252
speedlimit 0.0012 22 245 27 251
speedlimit 0.0011 151 249 158 253
speedlimit 0.0010 80 224 85 232
crosswalk 0.0611 174 245 179 251
crosswalk 0.0198 107 246 111 250
crosswalk 0.0114 121 246 126 249
crosswalk 0.0070 173 239 182 248
crosswalk 0.0059 144 231 150 239
crosswalk 0.0048 113 246 117 249
crosswalk 0.0042 20 236 24 242
crosswalk 0.0037 0 238 4 246
crosswalk 0.0027 114 239 118 245
crosswalk 0.0021 2 241 7 247
crosswalk 0.0018 18 234 23 240
crosswalk 0.0013 51 245 55 251
crosswalk 0.0012 50 240 55 246
crosswalk 0.0011 16 232 19 238
crosswalk 0.0011 16 237 20 242
