trafficlight 0.9969 50 77 83 263
trafficlight 0.1541 45 87 88 185
trafficlight 0.0422 76 188 158 261
trafficlight 0.0332 102 177 144 261
trafficlight 0.0147 38 153 89 248
trafficlight 0.0135 41 91 106 247
trafficlight 0.0122 186 78 215 147
trafficlight 0.0059 151 183 221 282
trafficlight 0.0054 34 118 89 315
trafficlight 0.0036 66 167 167 290
trafficlight 0.0034 33 171 137 263
trafficlight 0.0033 84 85 98 183
trafficlight 0.0017 141 172 229 346
trafficlight 0.0016 38 23 86 210
trafficlight 0.0015 37 127 181 263
trafficlight 0.0014 124 70 186 173
trafficlight 0.0014 120 304 127 320
stop 0.0019 124 70 186 173
crosswalk 0.9956 125 76 187 185
