trafficlight 0.9277 38 246 71 296
trafficlight 0.0775 3 345 67 400
trafficlight 0.0040 101 165 148 216
trafficlight 0.0025 7 242 74 297
trafficlight 0.0020 60 241 74 290
trafficlight 0.0012 1 339 26 354
stop 0.0034 101 165 148 216
stop 0.0014 4 340 22 353
speedlimit 0.9954 98 162 151 216
speedlimit 0.1075 4 340 22 353
speedlimit 0.0022 0 309 12 324
crosswalk 0.0096 107 299 112 305
crosswalk 0.0054 90 162 147 218
crosswalk 0.0028 109 299 114 305
crosswalk 0.0024 4 340 22 353
crosswalk 0.0013 46 243 72 292
