trafficlight 0.0016 22 215 31 225
trafficlight 0.0015 148 163 177 196
stop 0.6684 148 163 177 196
stop 0.0020 22 145 28 157
stop 0.0015 249 72 254 78
stop 0.0014 22 215 31 225
speedlimit 0.9751 21 215 30 225
speedlimit 0.0182 48 241 53 247
speedlimit 0.0124 46 241 51 247
speedlimit 0.0053 9 186 17 194
speedlimit 0.0043 21 231 28 239
speedlimit 0.0040 48 244 53 249
speedlimit 0.0026 23 217 32 230
speedlimit 0.0016 25 242 30 248
speedlimit 0.0013 16 213 33 226
speedlimit 0.0011 295 16 301 24
speedlimit 0.0011 24 230 31 238
crosswalk 0.0140 25 245 30 250
crosswalk 0.0020 25 242 30 248
crosswalk 0.0020 148 163 177 196
crosswalk 0.0015 23 246 28 250
crosswalk 0.0011 22 215 31 225
