trafficlight 0.9694 94 8 209 268
trafficlight 0.5665 113 87 204 312
trafficlight 0.2159 82 66 182 333
trafficlight 0.0938 118 22 253 317
trafficlight 0.0757 232 133 332 328
trafficlight 0.0183 113 29 193 191
trafficlight 0.0141 211 66 354 398
trafficlight 0.0078 103 -21 335 362
trafficlight 0.0077 115 158 196 277
trafficlight 0.0064 248 160 313 295
trafficlight 0.0033 22 -9 185 346
trafficlight 0.0020 224 199 294 309
trafficlight 0.0016 -15 356 80 400
trafficlight 0.0015 284 159 304 203
trafficlight 0.0014 43 90 220 430
trafficlight 0.0014 241 86 321 266
trafficlight 0.0013 210 135 254 219
trafficlight 0.0012 49 -96 209 259
trafficlight 0.0011 103 120 177 266
trafficlight 0.0010 230 138 293 263
trafficlight 0.0010 246 126 309 227
speedlimit 0.0062 46 382 163 400
speedlimit 0.0010 103 -21 335 362
crosswalk 0.0022 46 382 163 400
