trafficlight 0.0353 92 119 270 466
trafficlight 0.0180 125 229 234 414
trafficlight 0.0176 196 242 286 401
trafficlight 0.0128 138 294 213 398
trafficlight 0.0082 97 195 210 392
trafficlight 0.0057 107 264 206 428
trafficlight 0.0049 145 194 282 394
trafficlight 0.0042 122 151 241 366
trafficlight 0.0038 120 266 187 381
trafficlight 0.0028 138 76 346 447
trafficlight 0.0024 147 118 275 284
trafficlight 0.0017 3 53 236 474
trafficlight 0.0017 79 181 110 216
trafficlight 0.0017 106 -44 316 387
trafficlight 0.0016 196 151 281 368
trafficlight 0.0015 209 240 272 353
trafficlight 0.0014 157 295 258 395
trafficlight 0.0012 119 323 138 376
trafficlight 0.0011 86 0 99 27
trafficlight 0.0010 226 272 296 375
stop 0.0016 79 181 110 216
speedlimit 0.9780 79 182 110 218
speedlimit 0.0029 202 0 274 5
speedlimit 0.0018 223 0 267 3
crosswalk 0.0017 77 181 112 216
