trafficlight 0.8003 286 263 296 281
trafficlight 0.0919 -4 247 73 399
trafficlight 0.0092 291 264 302 280
trafficlight 0.0064 284 265 291 281
trafficlight 0.0036 283 261 300 283
trafficlight 0.0034 52 137 113 194
trafficlight 0.0032 286 271 296 282
trafficlight 0.0027 -43 138 98 511
trafficlight 0.0010 296 -8 350 106
stop 0.0023 52 137 113 194
speedlimit 0.0029 58 133 118 199
speedlimit 0.0023 126 241 132 247
speedlimit 0.0015 219 246 225 251
crosswalk 0.9917 51 134 114 199
crosswalk 0.0036 226 236 231 244
crosswalk 0.0016 108 51 118 57
crosswalk 0.0011 107 50 119 55
crosswalk 0.0010 286 263 296 281
