trafficlight 0.1104 113 227 131 275
trafficlight 0.0318 117 221 142 280
trafficlight 0.0117 114 229 122 257
trafficlight 0.0065 108 229 126 283
trafficlight 0.0029 244 60 267 147
trafficlight 0.0028 115 233 126 264
trafficlight 0.0022 107 228 190 275
trafficlight 0.0019 131 220 145 279
trafficlight 0.0017 117 98 151 132
trafficlight 0.0013 147 231 183 268
trafficlight 0.0013 112 223 133 302
trafficlight 0.0011 111 219 123 269
stop 0.0020 117 98 151 132
speedlimit 0.9974 119 97 155 132
speedlimit 0.0010 114 229 122 257
crosswalk 0.9946 145 231 181 269
crosswalk 0.0036 117 98 151 132
crosswalk 0.0025 140 217 193 272
crosswalk 0.0022 28 308 33 316
crosswalk 0.0015 107 228 190 275
