trafficlight 0.0041 91 126 137 172
trafficlight 0.0036 189 223 201 239
trafficlight 0.0010 83 204 96 216
stop 0.9881 191 223 204 238
stop 0.0049 91 126 137 172
stop 0.0037 83 204 96 216
stop 0.0024 169 255 174 261
stop 0.0017 202 230 210 239
speedlimit 0.9913 92 127 136 171
speedlimit 0.9320 83 204 96 216
speedlimit 0.0029 189 223 201 239
speedlimit 0.0019 169 255 174 261
crosswalk 0.1165 169 255 174 261
crosswalk 0.0571 171 255 175 261
crosswalk 0.0048 206 240 213 245
crosswalk 0.0030 189 223 201 239
crosswalk 0.0027 91 131 135 176
crosswalk 0.0017 210 240 216 246
