trafficlight 0.0255 13 259 17 266
trafficlight 0.0054 11 255 16 265
trafficlight 0.0029 22 268 27 274
trafficlight 0.0027 122 150 147 177
trafficlight 0.0026 20 263 25 271
stop 0.0023 120 152 142 175
stop 0.0015 181 272 186 278
speedlimit 0.9936 119 151 145 177
speedlimit 0.0555 181 272 186 278
speedlimit 0.0241 181 274 186 280
speedlimit 0.0012 13 259 17 266
speedlimit 0.0010 175 270 181 277
crosswalk 0.0535 149 267 153 272
crosswalk 0.0084 149 264 153 272
crosswalk 0.0058 143 272 147 277
crosswalk 0.0014 119 149 144 172
crosswalk 0.0010 142 274 147 280
