trafficlight 0.9971 203 165 226 226
trafficlight 0.9871 86 166 113 215
trafficlight 0.0174 164 170 234 221
trafficlight 0.0099 248 223 253 234
trafficlight 0.0029 62 234 90 311
trafficlight 0.0029 222 162 239 230
trafficlight 0.0025 110 229 197 307
trafficlight 0.0020 249 228 253 234
trafficlight 0.0020 196 229 285 309
trafficlight 0.0013 51 215 129 306
trafficlight 0.0012 245 222 252 233
trafficlight 0.0011 171 183 200 216
trafficlight 0.0011 168 237 259 330
stop 0.0038 104 48 120 114
stop 0.0020 171 183 200 216
speedlimit 0.0022 198 165 222 225
speedlimit 0.0012 83 165 107 214
crosswalk 0.9450 170 181 201 214
crosswalk 0.0227 141 230 146 238
crosswalk 0.0075 198 165 222 225
crosswalk 0.0027 164 173 213 216
crosswalk 0.0017 82 169 108 218
