trafficlight 0.0035 143 245 157 262
trafficlight 0.0014 142 218 158 234
stop 0.0053 143 245 157 262
stop 0.0025 138 217 156 235
speedlimit 0.9937 140 244 156 261
speedlimit 0.9933 139 217 156 234
speedlimit 0.0320 77 263 82 268
speedlimit 0.0136 78 263 84 269
speedlimit 0.0076 56 275 104 300
speedlimit 0.0019 114 255 120 261
speedlimit 0.0010 186 244 193 250
speedlimit 0.0010 137 209 157 244
crosswalk 0.0076 204 242 211 247
crosswalk 0.0041 214 244 220 249
crosswalk 0.0028 143 245 157 262
crosswalk 0.0020 205 243 211 249
crosswalk 0.0017 186 244 193 250
crosswalk 0.0013 138 217 156 235
