trafficlight 0.9975 116 207 142 272
trafficlight 0.8543 151 172 181 262
trafficlight 0.4783 8 333 21 362
trafficlight 0.0822 83 341 89 356
trafficlight 0.0127 82 349 87 360
trafficlight 0.0093 145 162 179 218
trafficlight 0.0079 110 177 191 266
trafficlight 0.0045 141 161 201 236
trafficlight 0.0031 4 336 15 363
trafficlight 0.0028 162 387 204 399
trafficlight 0.0027 180 178 213 230
trafficlight 0.0024 146 205 181 273
trafficlight 0.0017 0 335 20 363
trafficlight 0.0016 126 104 170 152
trafficlight 0.0015 126 202 146 255
trafficlight 0.0015 122 219 147 275
trafficlight 0.0011 17 334 25 363
stop 0.9840 126 101 175 151
stop 0.0029 180 178 213 230
stop 0.0020 6 333 23 363
speedlimit 0.0068 180 178 213 230
speedlimit 0.0045 82 349 87 360
speedlimit 0.0032 144 167 195 258
speedlimit 0.0028 6 333 23 363
speedlimit 0.0023 117 202 142 257
speedlimit 0.0014 83 341 89 356
crosswalk 0.9969 90 340 98 353
crosswalk 0.9254 179 178 210 229
crosswalk 0.0288 188 384 229 398
crosswalk 0.0271 162 387 204 399
crosswalk 0.0215 151 383 254 399
crosswalk 0.0171 83 341 89 356
crosswalk 0.0155 10 390 80 399
crosswalk 0.0113 13 384 83 401
crosswalk 0.0034 144 167 195 258
crosswalk 0.0032 114 205 138 265
crosswalk 0.0031 84 339 101 355
crosswalk 0.0030 226 392 240 399
crosswalk 0.0022 122 96 174 149
crosswalk 0.0020 6 333 23 363
crosswalk 0.0013 135 378 271 405
crosswalk 0.0012 82 349 87 360
crosswalk 0.0011 13 370 21 386
crosswalk 0.0010 231 386 244 395
