trafficlight 0.8730 206 253 253 328
trafficlight 0.0764 -5 345 67 400
trafficlight 0.0129 204 257 232 324
trafficlight 0.0036 223 344 244 364
trafficlight 0.0018 232 255 260 291
trafficlight 0.0015 165 387 203 399
trafficlight 0.0015 228 252 251 323
stop 0.9708 123 176 157 214
stop 0.0034 228 344 246 363
stop 0.0018 232 255 260 291
stop 0.0015 119 167 181 218
speedlimit 0.0053 206 253 253 328
speedlimit 0.0027 220 89 229 96
speedlimit 0.0023 97 352 104 359
speedlimit 0.0022 232 255 260 291
speedlimit 0.0021 223 344 244 364
crosswalk 0.9653 227 344 247 364
crosswalk 0.6828 234 255 260 294
crosswalk 0.0038 165 387 203 399
crosswalk 0.0020 206 253 253 328
