trafficlight 0.0076 105 261 111 272
trafficlight 0.0055 95 247 104 257
trafficlight 0.0051 85 20 145 115
trafficlight 0.0040 114 270 122 288
trafficlight 0.0024 95 250 103 261
trafficlight 0.0024 32 137 39 151
trafficlight 0.0021 29 136 36 150
trafficlight 0.0018 180 215 186 225
trafficlight 0.0014 92 262 103 275
trafficlight 0.0011 84 162 136 229
stop 0.8718 85 20 145 115
stop 0.0031 95 250 103 261
stop 0.0023 95 247 104 257
stop 0.0012 92 262 103 275
stop 0.0010 284 267 298 281
speedlimit 0.5563 95 247 104 257
speedlimit 0.1211 95 250 103 261
speedlimit 0.0121 85 20 145 115
speedlimit 0.0024 105 261 111 272
crosswalk 0.9969 93 260 103 274
crosswalk 0.9943 85 157 136 235
crosswalk 0.9843 284 267 298 281
crosswalk 0.0408 95 250 103 261
crosswalk 0.0135 105 261 111 272
crosswalk 0.0090 85 20 145 115
crosswalk 0.0070 89 259 107 275
crosswalk 0.0024 95 247 104 257
crosswalk 0.0021 281 269 302 285
crosswalk 0.0017 274 266 300 281
crosswalk 0.0013 90 261 100 277
