trafficlight 0.3560 100 298 146 406
trafficlight 0.0036 40 315 249 381
trafficlight 0.0021 112 145 175 206
trafficlight 0.0017 157 316 218 377
trafficlight 0.0016 138 316 154 414
stop 0.0042 100 298 146 406
stop 0.0012 112 145 175 206
stop 0.0010 157 316 218 377
speedlimit 0.9950 111 141 175 210
speedlimit 0.0054 100 298 146 406
speedlimit 0.0016 96 32 101 39
speedlimit 0.0012 142 313 225 381
crosswalk 0.9938 157 311 218 382
crosswalk 0.0039 100 298 146 406
crosswalk 0.0024 112 145 175 206
crosswalk 0.0010 137 298 223 399
