trafficlight 0.7408 57 118 168 306
trafficlight 0.6788 3 127 100 310
trafficlight 0.4988 294 -10 400 249
trafficlight 0.1755 186 -48 401 226
trafficlight 0.1682 78 78 196 350
trafficlight 0.1576 254 28 396 334
trafficlight 0.1130 2 73 154 355
trafficlight 0.0818 265 -39 394 167
trafficlight 0.0230 131 -77 329 198
trafficlight 0.0131 43 -11 299 313
trafficlight 0.0123 84 116 146 256
trafficlight 0.0094 -6 140 64 331
trafficlight 0.0091 285 -37 477 278
trafficlight 0.0081 172 33 418 390
trafficlight 0.0061 162 20 288 169
trafficlight 0.0051 16 112 202 431
trafficlight 0.0050 309 109 384 243
trafficlight 0.0040 122 167 269 312
trafficlight 0.0038 310 18 384 158
trafficlight 0.0036 322 0 419 184
trafficlight 0.0027 13 121 80 255
trafficlight 0.0023 221 67 385 231
trafficlight 0.0022 151 185 242 297
trafficlight 0.0021 -55 36 91 391
trafficlight 0.0021 190 175 255 304
trafficlight 0.0020 151 75 275 154
trafficlight 0.0015 -25 -120 180 360
trafficlight 0.0014 78 85 261 461
trafficlight 0.0012 12 198 79 320
trafficlight 0.0012 286 -2 372 121
trafficlight 0.0012 119 174 205 298
trafficlight 0.0011 116 134 200 234
trafficlight 0.0010 92 63 259 236
trafficlight 0.0010 -23 107 120 438
stop 0.9599 166 72 278 156
stop 0.0444 152 8 273 179
stop 0.0175 135 -11 384 189
stop 0.0143 43 -11 299 313
stop 0.0021 191 -117 396 235
stop 0.0011 105 -92 296 213
speedlimit 0.0083 186 -48 401 226
speedlimit 0.0014 161 62 283 163
speedlimit 0.0012 131 -77 329 198
speedlimit 0.0012 76 14 259 349
crosswalk 0.0034 161 62 283 163
crosswalk 0.0031 186 -48 401 226
