trafficlight 0.9735 152 193 218 346
trafficlight 0.0312 191 275 222 344
trafficlight 0.0253 131 140 140 162
trafficlight 0.0089 184 211 214 319
trafficlight 0.0066 156 135 229 392
trafficlight 0.0057 183 190 212 266
trafficlight 0.0033 173 254 224 339
trafficlight 0.0023 116 0 144 22
trafficlight 0.0022 106 331 134 384
trafficlight 0.0016 156 241 212 374
trafficlight 0.0015 88 327 137 394
trafficlight 0.0015 50 316 148 387
trafficlight 0.0012 126 52 321 411
trafficlight 0.0010 133 97 253 369
stop 0.0602 116 0 144 22
speedlimit 0.0014 44 393 119 399
crosswalk 0.0019 116 0 144 22
