trafficlight 0.0079 18 235 23 242
trafficlight 0.0068 50 241 55 247
trafficlight 0.0035 120 240 124 244
trafficlight 0.0025 144 230 151 239
trafficlight 0.0022 106 246 111 251
trafficlight 0.0021 19 233 23 240
trafficlight 0.0013 114 240 118 245
trafficlight 0.0012 0 237 5 247
trafficlight 0.0011 119 231 125 241
stop 0.0361 19 233 23 240
stop 0.0255 120 240 124 244
stop 0.0122 114 240 118 245
stop 0.0019 18 235 23 242
stop 0.0017 50 241 55 247
speedlimit 0.9994 174 227 185 236
speedlimit 0.1067 50 241 55 247
speedlimit 0.0823 120 240 124 244
speedlimit 0.0257 106 246 111 251
speedlimit 0.0199 114 240 118 245
speedlimit 0.0173 127 240 131 245
speedlimit 0.0087 111 245 116 250
speedlimit 0.0067 50 243 56 249
speedlimit 0.0031 172 226 190 238
speedlimit 0.0031 165 228 174 238
speedlimit 0.0029 186 227 194 239
speedlimit 0.0026 19 233 23 240
speedlimit 0.0021 266 70 272 75
speedlimit 0.0019 133 239 139 246
speedlimit 0.0019 107 241 112 248
speedlimit 0.0013 174 243 180 251
speedlimit 0.0011 144 230 151 239
speedlimit 0.0011 179 244 185 252
crosswalk 0.1955 144 230 151 239
crosswalk 0.0761 0 237 5 247
crosswalk 0.0604 106 246 111 251
crosswalk 0.0084 111 245 116 250
crosswalk 0.0041 120 240 124 244
crosswalk 0.0040 174 243 180 251
crosswalk 0.0026 50 241 55 247
crosswalk 0.0020 266 70 272 75
crosswalk 0.0015 143 234 150 244
crosswalk 0.0015 174 236 182 246
crosswalk 0.0012 145 231 155 239
crosswalk 0.0011 114 240 118 245
