trafficlight 0.0250 203 331 209 338
trafficlight 0.0075 63 339 69 346
trafficlight 0.0057 60 339 66 349
trafficlight 0.0047 59 345 64 350
trafficlight 0.0032 203 338 210 344
trafficlight 0.0030 202 320 210 333
trafficlight 0.0026 64 327 72 342
trafficlight 0.0024 84 335 90 343
trafficlight 0.0023 75 337 81 348
trafficlight 0.0022 198 331 204 338
trafficlight 0.0021 173 324 179 330
trafficlight 0.0019 75 346 81 353
trafficlight 0.0019 70 314 77 324
trafficlight 0.0017 188 329 195 340
trafficlight 0.0017 197 320 205 333
trafficlight 0.0013 86 334 92 342
trafficlight 0.0013 70 316 77 331
trafficlight 0.0012 57 325 67 347
trafficlight 0.0012 189 340 195 344
trafficlight 0.0010 74 327 81 340
trafficlight 0.0010 87 323 94 332
speedlimit 0.4132 119 155 165 199
speedlimit 0.0722 59 345 64 350
speedlimit 0.0329 189 340 195 344
speedlimit 0.0099 203 331 209 338
speedlimit 0.0025 85 334 90 340
speedlimit 0.0019 75 346 81 353
speedlimit 0.0019 70 309 77 317
speedlimit 0.0019 188 -4 359 156
speedlimit 0.0017 63 339 69 346
speedlimit 0.0015 119 101 160 149
speedlimit 0.0015 86 334 92 340
speedlimit 0.0014 75 337 81 348
speedlimit 0.0012 64 343 69 350
speedlimit 0.0012 69 310 74 317
speedlimit 0.0011 74 327 81 340
speedlimit 0.0011 60 339 66 349
crosswalk 0.2525 68 315 75 324
crosswalk 0.1688 86 334 92 340
crosswalk 0.0553 63 339 69 346
crosswalk 0.0273 85 334 90 340
crosswalk 0.0209 173 324 179 330
crosswalk 0.0139 84 335 90 343
crosswalk 0.0062 203 338 210 344
crosswalk 0.0054 70 316 77 331
crosswalk 0.0040 189 340 195 344
crosswalk 0.0023 59 345 64 350
crosswalk 0.0018 68 318 74 329
crosswalk 0.0012 64 343 69 350
