trafficlight 0.0112 116 259 134 301
trafficlight 0.0086 116 239 141 307
trafficlight 0.0042 19 238 27 256
trafficlight 0.0021 119 209 141 233
trafficlight 0.0017 40 63 50 70
stop 0.5768 18 217 30 231
stop 0.0154 15 216 32 236
stop 0.0022 205 268 215 278
speedlimit 0.9997 117 210 141 233
speedlimit 0.8458 206 267 217 278
speedlimit 0.0031 201 264 218 281
speedlimit 0.0015 18 217 30 231
crosswalk 0.0997 19 237 29 250
crosswalk 0.0016 15 228 30 257
crosswalk 0.0014 205 268 215 278
crosswalk 0.0014 114 209 138 233
crosswalk 0.0012 22 237 31 250
