stop 0.9862 5 149 288 370
stop 0.7751 59 195 239 331
stop 0.2861 26 146 177 354
stop 0.0672 111 199 287 371
stop 0.0649 -37 103 214 409
stop 0.0035 76 171 242 243
stop 0.0031 132 78 474 506
stop 0.0016 113 215 429 429
stop 0.0014 161 221 244 343
stop 0.0012 210 168 396 477
stop 0.0010 14 129 348 575
speedlimit 0.7923 18 166 227 318
speedlimit 0.0231 160 242 371 392
speedlimit 0.0079 111 199 287 371
speedlimit 0.0024 4 44 110 256
speedlimit 0.0020 70 255 166 425
speedlimit 0.0018 -51 99 133 262
speedlimit 0.0011 38 174 250 241
