trafficlight 0.9730 116 206 141 268
trafficlight 0.2844 143 177 193 267
trafficlight 0.2244 9 334 21 362
trafficlight 0.0469 102 171 187 274
trafficlight 0.0415 78 339 90 358
trafficlight 0.0357 15 337 26 361
trafficlight 0.0322 100 338 112 360
trafficlight 0.0254 153 171 183 234
trafficlight 0.0212 137 181 235 263
trafficlight 0.0165 152 195 183 258
trafficlight 0.0155 145 164 177 252
trafficlight 0.0145 11 333 30 365
trafficlight 0.0101 127 148 213 243
trafficlight 0.0099 108 206 152 293
trafficlight 0.0081 145 167 181 212
trafficlight 0.0073 2 328 29 370
trafficlight 0.0065 80 352 87 363
trafficlight 0.0064 91 339 102 353
trafficlight 0.0063 130 146 223 314
trafficlight 0.0063 141 121 179 235
trafficlight 0.0061 126 98 189 224
trafficlight 0.0058 3 336 16 361
trafficlight 0.0053 91 334 120 355
trafficlight 0.0051 118 206 164 268
trafficlight 0.0051 119 158 171 260
trafficlight 0.0051 73 336 96 359
trafficlight 0.0038 121 200 196 303
trafficlight 0.0038 106 199 191 385
trafficlight 0.0038 81 139 158 321
trafficlight 0.0035 65 334 88 363
trafficlight 0.0035 179 328 192 353
trafficlight 0.0034 90 332 125 369
trafficlight 0.0034 185 329 196 353
trafficlight 0.0028 98 338 117 373
trafficlight 0.0027 71 337 85 360
trafficlight 0.0026 16 344 28 367
trafficlight 0.0025 194 328 205 354
trafficlight 0.0021 160 178 218 232
trafficlight 0.0018 150 214 186 284
trafficlight 0.0016 69 97 232 427
trafficlight 0.0016 110 154 148 265
trafficlight 0.0014 195 327 203 341
trafficlight 0.0014 151 122 187 202
trafficlight 0.0012 156 214 180 253
trafficlight 0.0012 186 327 195 343
trafficlight 0.0010 119 88 231 243
trafficlight 0.0010 2 347 13 365
stop 0.6855 126 102 176 152
stop 0.0167 110 96 182 172
stop 0.0011 176 177 210 230
stop 0.0010 126 98 189 224
speedlimit 0.0032 -2 393 15 400
speedlimit 0.0015 116 206 141 268
speedlimit 0.0012 176 177 210 230
speedlimit 0.0012 78 339 90 358
speedlimit 0.0011 80 352 87 363
speedlimit 0.0011 -6 393 7 399
crosswalk 0.9566 88 340 100 353
crosswalk 0.8056 176 177 210 230
crosswalk 0.0393 85 336 102 354
crosswalk 0.0182 90 385 109 392
crosswalk 0.0165 163 387 207 399
crosswalk 0.0092 137 181 235 263
crosswalk 0.0084 13 371 21 387
crosswalk 0.0084 186 387 227 400
crosswalk 0.0053 172 388 197 399
crosswalk 0.0046 150 385 219 402
crosswalk 0.0038 26 392 50 399
crosswalk 0.0036 170 176 213 205
crosswalk 0.0036 194 388 217 399
crosswalk 0.0036 228 386 247 394
crosswalk 0.0028 8 390 68 399
crosswalk 0.0026 80 382 121 394
crosswalk 0.0022 169 382 243 398
crosswalk 0.0021 189 386 210 395
crosswalk 0.0019 151 165 226 229
crosswalk 0.0015 178 180 193 199
