trafficlight 0.0694 103 263 111 278
trafficlight 0.0391 90 262 99 276
trafficlight 0.0205 70 239 97 291
trafficlight 0.0200 78 260 90 284
trafficlight 0.0146 109 266 118 280
trafficlight 0.0115 74 255 93 288
trafficlight 0.0082 116 269 128 291
trafficlight 0.0059 103 270 111 287
trafficlight 0.0038 108 262 116 272
trafficlight 0.0030 255 154 263 165
trafficlight 0.0028 111 267 123 291
trafficlight 0.0027 253 155 265 172
trafficlight 0.0027 249 154 261 172
trafficlight 0.0026 211 284 218 292
trafficlight 0.0024 278 271 290 285
trafficlight 0.0023 138 240 148 260
trafficlight 0.0019 271 271 283 292
trafficlight 0.0018 266 270 287 303
trafficlight 0.0016 87 273 95 286
trafficlight 0.0015 118 267 126 282
trafficlight 0.0015 251 153 260 166
trafficlight 0.0014 96 261 117 281
trafficlight 0.0014 210 270 219 291
trafficlight 0.0014 195 282 202 293
trafficlight 0.0013 81 274 90 287
trafficlight 0.0011 5 142 22 175
stop 0.8001 85 19 145 124
stop 0.0098 75 10 177 148
stop 0.0075 86 50 138 106
stop 0.0014 42 -29 194 182
stop 0.0013 -35 -18 274 168
stop 0.0012 99 21 143 89
speedlimit 0.2703 94 252 102 261
speedlimit 0.1628 96 247 103 258
speedlimit 0.0117 -41 2 170 89
speedlimit 0.0037 102 262 111 273
speedlimit 0.0023 38 -66 127 110
speedlimit 0.0018 100 252 109 262
speedlimit 0.0014 74 239 93 254
crosswalk 0.9981 92 261 101 274
crosswalk 0.9970 88 158 135 234
crosswalk 0.9960 285 266 297 281
crosswalk 0.2094 90 262 99 276
crosswalk 0.0382 89 257 105 276
crosswalk 0.0128 280 268 294 280
crosswalk 0.0079 62 123 168 272
crosswalk 0.0049 102 262 111 273
crosswalk 0.0025 219 287 228 294
crosswalk 0.0011 70 239 97 291
crosswalk 0.0011 65 178 176 332
crosswalk 0.0010 37 34 196 362
