trafficlight 0.0010 51 255 126 322
stop 0.0052 88 391 112 398
stop 0.0042 52 249 171 395
stop 0.0021 32 391 104 399
stop 0.0020 76 390 125 399
stop 0.0013 14 389 122 401
stop 0.0011 -47 208 286 435
stop 0.0010 124 140 483 566
speedlimit 0.9985 53 256 117 322
speedlimit 0.0087 32 391 104 399
speedlimit 0.0058 88 391 112 398
speedlimit 0.0020 54 392 82 399
speedlimit 0.0020 14 389 122 401
speedlimit 0.0011 71 248 137 327
speedlimit 0.0011 76 390 125 399
crosswalk 0.0068 195 390 218 399
crosswalk 0.0043 88 391 112 398
crosswalk 0.0035 183 389 230 399
crosswalk 0.0028 132 389 190 400
crosswalk 0.0022 102 392 127 399
crosswalk 0.0022 81 391 148 399
crosswalk 0.0019 148 391 173 399
crosswalk 0.0019 204 391 221 398
crosswalk 0.0018 154 389 214 400
crosswalk 0.0015 156 387 244 401
crosswalk 0.0014 122 387 215 401
crosswalk 0.0011 143 382 225 399
crosswalk 0.0010 163 391 188 399
