trafficlight 0.0194 389 123 398 149
trafficlight 0.0186 178 161 200 193
trafficlight 0.0165 60 -21 151 165
trafficlight 0.0155 90 -19 181 162
trafficlight 0.0110 284 147 296 174
trafficlight 0.0083 174 159 214 194
trafficlight 0.0079 342 137 352 150
trafficlight 0.0073 33 -49 117 132
trafficlight 0.0073 253 152 278 182
trafficlight 0.0053 391 125 397 138
trafficlight 0.0046 97 -36 247 111
trafficlight 0.0031 336 136 351 150
trafficlight 0.0026 121 12 212 191
trafficlight 0.0024 0 120 9 155
trafficlight 0.0023 18 -84 198 230
trafficlight 0.0020 285 151 303 180
trafficlight 0.0020 248 154 282 194
trafficlight 0.0019 4 -49 86 132
trafficlight 0.0018 66 -77 273 222
trafficlight 0.0018 57 -3 108 99
trafficlight 0.0016 27 -64 179 84
trafficlight 0.0016 28 14 124 191
trafficlight 0.0015 -27 -68 119 89
trafficlight 0.0015 94 42 182 226
trafficlight 0.0013 221 161 247 190
trafficlight 0.0013 337 134 348 144
trafficlight 0.0011 322 144 334 173
trafficlight 0.0010 32 175 67 223
stop 0.0147 282 62 373 206
stop 0.0097 228 27 341 153
stop 0.0026 391 125 397 138
stop 0.0015 246 11 398 255
stop 0.0015 160 16 485 245
speedlimit 0.8521 227 29 335 141
speedlimit 0.0025 281 24 340 143
speedlimit 0.0010 157 -73 296 105
crosswalk 0.0011 337 134 348 144
