stop 0.0316 183 201 256 336
stop 0.0141 56 0 188 196
stop 0.0119 169 226 321 398
stop 0.0040 115 -1 162 23
stop 0.0038 132 125 474 521
stop 0.0038 101 210 382 430
stop 0.0035 -14 -9 254 219
stop 0.0020 -30 -150 268 298
stop 0.0016 209 152 395 496
stop 0.0016 7 -61 166 155
stop 0.0014 149 121 270 401
stop 0.0013 -108 -79 283 169
stop 0.0011 50 -133 187 287
speedlimit 0.9684 76 127 244 282
speedlimit 0.4285 79 42 233 252
speedlimit 0.0793 116 224 228 274
speedlimit 0.0368 173 262 355 392
speedlimit 0.0126 -6 0 168 56
speedlimit 0.0090 181 199 266 356
speedlimit 0.0085 192 267 303 370
speedlimit 0.0037 86 59 202 148
speedlimit 0.0033 113 170 235 274
speedlimit 0.0030 70 -3 167 160
speedlimit 0.0025 11 -45 124 94
speedlimit 0.0021 196 274 305 302
speedlimit 0.0020 146 187 309 380
speedlimit 0.0017 52 2 168 24
speedlimit 0.0012 121 0 157 21
crosswalk 0.6349 80 45 263 237
crosswalk 0.0135 133 29 277 192
crosswalk 0.0079 4 132 262 279
crosswalk 0.0029 114 -30 304 244
