trafficlight 0.0167 16 132 25 150
trafficlight 0.0080 207 182 224 223
trafficlight 0.0073 255 42 262 58
trafficlight 0.0054 10 132 23 151
trafficlight 0.0049 254 45 262 68
trafficlight 0.0033 12 128 22 144
trafficlight 0.0024 4 128 27 153
trafficlight 0.0014 160 207 168 214
trafficlight 0.0011 255 55 262 74
trafficlight 0.0011 161 195 171 216
trafficlight 0.0011 18 143 27 155
trafficlight 0.0010 46 78 127 260
trafficlight 0.0010 2 133 13 151
trafficlight 0.0010 74 78 159 260
stop 0.0015 160 207 168 214
speedlimit 0.1592 160 207 168 214
crosswalk 0.9921 180 178 205 206
crosswalk 0.0014 160 207 168 214
