trafficlight 0.9391 227 42 241 86
trafficlight 0.0227 227 60 241 82
trafficlight 0.0226 215 43 243 88
trafficlight 0.0183 225 41 253 88
trafficlight 0.0094 105 107 117 130
trafficlight 0.0073 232 52 245 79
trafficlight 0.0070 106 104 116 118
trafficlight 0.0068 229 44 241 62
trafficlight 0.0057 129 95 139 108
trafficlight 0.0043 231 177 237 186
trafficlight 0.0039 223 49 236 80
trafficlight 0.0030 126 92 142 131
trafficlight 0.0028 230 182 237 194
trafficlight 0.0028 147 107 153 114
trafficlight 0.0025 223 63 235 81
trafficlight 0.0024 55 75 62 86
trafficlight 0.0019 58 74 71 88
trafficlight 0.0018 90 54 100 92
trafficlight 0.0012 233 63 245 81
trafficlight 0.0010 65 75 77 86
stop 0.0609 128 96 139 104
stop 0.0322 390 103 397 111
stop 0.0203 106 104 116 118
stop 0.0130 229 44 241 62
stop 0.0066 387 103 394 110
stop 0.0022 143 216 158 225
stop 0.0016 231 177 237 186
stop 0.0010 226 40 243 68
speedlimit 0.0701 128 96 139 104
speedlimit 0.0093 94 213 125 239
speedlimit 0.0044 390 103 397 111
speedlimit 0.0010 147 107 153 114
crosswalk 0.0053 244 187 251 192
crosswalk 0.0043 239 186 247 193
crosswalk 0.0012 391 109 399 131
crosswalk 0.0010 105 107 117 130
