trafficlight 0.0466 116 79 198 258
trafficlight 0.0445 228 139 255 204
trafficlight 0.0407 208 137 275 248
trafficlight 0.0395 118 18 197 196
trafficlight 0.0355 110 140 206 321
trafficlight 0.0237 90 77 167 260
trafficlight 0.0192 147 42 216 154
trafficlight 0.0151 90 18 168 196
trafficlight 0.0123 140 50 231 225
trafficlight 0.0110 139 110 233 287
trafficlight 0.0103 205 143 300 318
trafficlight 0.0064 84 2 229 150
trafficlight 0.0049 142 169 236 356
trafficlight 0.0048 67 81 253 382
trafficlight 0.0042 -9 359 68 397
trafficlight 0.0039 173 140 265 319
trafficlight 0.0038 224 176 343 348
trafficlight 0.0034 191 206 320 381
trafficlight 0.0034 164 46 203 119
trafficlight 0.0032 287 163 298 185
trafficlight 0.0028 -4 263 76 444
trafficlight 0.0027 219 140 247 238
trafficlight 0.0026 140 144 364 442
trafficlight 0.0024 22 263 107 442
trafficlight 0.0019 215 131 251 199
trafficlight 0.0019 96 177 139 240
trafficlight 0.0018 100 120 142 233
trafficlight 0.0018 266 168 321 248
trafficlight 0.0018 201 83 305 252
trafficlight 0.0016 231 115 334 283
trafficlight 0.0015 285 162 300 196
trafficlight 0.0014 88 -21 233 299
trafficlight 0.0013 171 80 266 255
trafficlight 0.0013 225 138 286 220
trafficlight 0.0011 -33 346 124 406
trafficlight 0.0011 172 27 333 374
trafficlight 0.0010 169 21 265 193
trafficlight 0.0010 163 241 274 401
trafficlight 0.0010 261 202 321 332
trafficlight 0.0010 295 177 322 243
trafficlight 0.0010 -5 359 29 401
speedlimit 0.0026 110 140 206 321
speedlimit 0.0020 1 374 117 401
speedlimit 0.0020 140 144 364 442
speedlimit 0.0016 191 206 320 381
speedlimit 0.0013 84 106 172 297
speedlimit 0.0011 -9 59 268 403
speedlimit 0.0011 224 176 343 348
crosswalk 0.0013 78 146 178 318
