trafficlight 0.1647 16 341 25 358
trafficlight 0.0351 5 336 25 377
trafficlight 0.0167 11 339 23 361
trafficlight 0.0153 16 342 26 370
trafficlight 0.0124 -3 329 22 388
trafficlight 0.0073 13 337 29 375
trafficlight 0.0048 9 342 22 370
trafficlight 0.0048 18 340 25 349
trafficlight 0.0045 25 347 34 367
trafficlight 0.0038 25 340 33 356
trafficlight 0.0017 120 135 152 168
trafficlight 0.0013 12 337 21 351
trafficlight 0.0013 25 339 32 347
stop 0.0157 19 -2 143 80
stop 0.0012 40 308 53 321
speedlimit 0.9831 118 133 154 171
speedlimit 0.9827 40 308 53 321
speedlimit 0.0300 172 69 182 82
speedlimit 0.0240 176 0 191 5
speedlimit 0.0152 161 0 176 5
speedlimit 0.0043 189 0 208 5
speedlimit 0.0038 7 378 121 401
speedlimit 0.0036 101 0 114 7
speedlimit 0.0034 125 0 136 6
speedlimit 0.0024 183 0 200 5
speedlimit 0.0018 44 310 56 322
speedlimit 0.0016 127 137 147 163
crosswalk 0.0152 25 339 32 347
crosswalk 0.0011 16 341 25 358
crosswalk 0.0011 0 332 12 352
crosswalk 0.0010 120 135 152 168
