trafficlight 0.0026 282 97 289 110
trafficlight 0.0019 -1 102 23 163
trafficlight 0.0014 279 96 287 111
stop 0.0105 215 -45 315 141
stop 0.0044 307 72 402 270
stop 0.0036 159 8 412 189
stop 0.0035 182 -88 336 168
stop 0.0034 110 -96 412 170
stop 0.0026 157 -50 478 250
stop 0.0011 275 31 427 294
speedlimit 0.9983 193 -5 397 210
speedlimit 0.0812 125 -66 293 65
speedlimit 0.0402 225 115 375 189
speedlimit 0.0311 247 54 380 188
speedlimit 0.0137 304 116 414 265
speedlimit 0.0068 283 22 399 176
speedlimit 0.0060 211 4 381 62
speedlimit 0.0053 157 -50 478 250
speedlimit 0.0049 180 -102 345 244
speedlimit 0.0038 247 148 355 181
speedlimit 0.0032 217 -18 403 121
speedlimit 0.0030 223 8 347 33
speedlimit 0.0020 152 54 330 198
speedlimit 0.0010 265 -98 436 240
crosswalk 0.1775 159 54 381 189
crosswalk 0.0076 122 11 339 244
crosswalk 0.0018 129 50 281 211
