trafficlight 0.2893 94 305 156 410
trafficlight 0.0520 108 299 140 388
trafficlight 0.0309 81 263 155 444
trafficlight 0.0129 92 277 214 423
trafficlight 0.0071 103 304 126 377
trafficlight 0.0071 101 310 132 405
trafficlight 0.0063 80 202 157 382
trafficlight 0.0038 35 173 266 473
trafficlight 0.0033 139 348 154 397
trafficlight 0.0027 134 338 158 408
trafficlight 0.0024 47 308 148 409
trafficlight 0.0022 115 321 158 396
trafficlight 0.0022 99 209 205 385
trafficlight 0.0021 106 312 121 367
trafficlight 0.0020 108 242 144 360
trafficlight 0.0013 49 233 129 411
trafficlight 0.0012 142 360 152 387
trafficlight 0.0011 116 142 183 212
trafficlight 0.0010 123 305 151 376
stop 0.0026 103 303 145 338
stop 0.0024 103 120 205 268
stop 0.0015 -28 57 329 339
stop 0.0010 61 59 239 338
speedlimit 0.9961 110 142 174 209
speedlimit 0.0023 36 130 152 224
crosswalk 0.9977 159 311 220 382
crosswalk 0.0086 121 277 254 414
crosswalk 0.0084 91 249 217 402
crosswalk 0.0033 35 173 266 473
crosswalk 0.0021 146 300 248 371
