trafficlight 0.0030 121 151 144 175
trafficlight 0.0017 66 271 71 277
trafficlight 0.0015 145 267 151 275
trafficlight 0.0012 206 140 261 191
trafficlight 0.0011 72 344 240 403
trafficlight 0.0011 148 267 153 274
trafficlight 0.0010 138 264 219 442
stop 0.0038 176 258 188 273
speedlimit 0.9998 119 150 146 176
speedlimit 0.0025 166 373 269 401
speedlimit 0.0020 72 344 240 403
speedlimit 0.0019 66 271 71 277
speedlimit 0.0017 159 363 248 396
speedlimit 0.0017 173 245 183 251
speedlimit 0.0011 148 263 153 271
crosswalk 0.0101 96 271 100 277
crosswalk 0.0060 66 271 71 277
crosswalk 0.0053 148 267 153 274
crosswalk 0.0045 95 274 100 281
crosswalk 0.0027 145 267 151 275
crosswalk 0.0021 66 275 71 281
crosswalk 0.0012 114 275 120 283
