trafficlight 0.0739 -2 353 14 404
trafficlight 0.0152 183 328 197 368
trafficlight 0.0119 172 339 177 346
trafficlight 0.0071 200 303 211 335
trafficlight 0.0037 118 365 129 396
trafficlight 0.0030 182 333 192 352
trafficlight 0.0030 172 342 177 353
trafficlight 0.0025 108 263 188 444
trafficlight 0.0022 180 337 193 361
trafficlight 0.0018 266 249 273 262
trafficlight 0.0016 135 264 220 443
trafficlight 0.0015 197 295 218 357
trafficlight 0.0013 117 376 128 397
trafficlight 0.0012 172 327 199 372
trafficlight 0.0010 171 327 177 343
stop 0.0020 172 339 177 346
speedlimit 0.9955 170 178 223 234
speedlimit 0.0676 172 339 177 346
speedlimit 0.0013 170 340 174 346
crosswalk 0.0338 172 339 177 346
crosswalk 0.0056 172 342 177 353
crosswalk 0.0022 146 260 151 267
crosswalk 0.0012 254 242 263 256
crosswalk 0.0011 0 269 14 302
crosswalk 0.0010 148 260 153 268
