trafficlight 0.0026 281 81 319 202
trafficlight 0.0025 273 50 369 218
trafficlight 0.0016 258 190 395 325
trafficlight 0.0010 252 -16 333 163
stop 0.8732 102 54 254 210
stop 0.1468 277 216 300 244
stop 0.0177 115 116 236 217
stop 0.0064 125 88 311 228
stop 0.0050 177 76 259 205
stop 0.0024 95 -39 235 252
stop 0.0021 47 52 293 266
stop 0.0015 -9 -85 340 293
speedlimit 0.0297 258 190 395 325
speedlimit 0.0170 100 50 232 183
speedlimit 0.0161 108 69 289 233
speedlimit 0.0054 229 112 415 402
speedlimit 0.0010 116 66 265 136
speedlimit 0.0010 10 61 191 132
crosswalk 0.0015 258 190 395 325
