trafficlight 0.0719 277 -2 363 178
trafficlight 0.0615 249 -32 332 147
trafficlight 0.0556 306 0 393 176
trafficlight 0.0480 30 90 117 270
trafficlight 0.0458 4 61 84 238
trafficlight 0.0412 2 0 85 177
trafficlight 0.0406 308 60 393 238
trafficlight 0.0403 274 64 364 236
trafficlight 0.0387 27 32 121 204
trafficlight 0.0373 84 149 188 339
trafficlight 0.0364 60 92 148 267
trafficlight 0.0313 139 151 184 252
trafficlight 0.0257 277 122 364 300
trafficlight 0.0257 208 80 303 263
trafficlight 0.0254 121 122 210 300
trafficlight 0.0253 308 122 393 300
trafficlight 0.0225 91 93 179 266
trafficlight 0.0214 27 -27 122 144
trafficlight 0.0214 33 13 188 157
trafficlight 0.0208 224 52 346 202
trafficlight 0.0203 243 122 334 299
trafficlight 0.0180 -1 117 94 313
trafficlight 0.0175 186 123 269 300
trafficlight 0.0141 -22 -1 54 180
trafficlight 0.0135 280 -41 413 95
trafficlight 0.0132 152 123 241 298
trafficlight 0.0124 217 -40 303 157
trafficlight 0.0116 -22 60 54 241
trafficlight 0.0102 -10 -6 56 107
trafficlight 0.0094 0 96 215 392
trafficlight 0.0092 212 150 305 334
trafficlight 0.0090 119 183 214 363
trafficlight 0.0085 -24 -48 113 103
trafficlight 0.0083 143 136 178 214
trafficlight 0.0069 13 156 140 339
trafficlight 0.0067 133 115 189 235
trafficlight 0.0062 215 -46 362 100
trafficlight 0.0051 272 187 378 366
trafficlight 0.0051 -48 48 142 378
trafficlight 0.0041 328 33 430 204
trafficlight 0.0039 207 -67 378 247
trafficlight 0.0039 317 -2 406 99
trafficlight 0.0038 -2 -42 219 220
trafficlight 0.0035 329 -26 427 141
trafficlight 0.0030 86 140 141 236
trafficlight 0.0029 330 95 428 266
trafficlight 0.0026 3 -1 41 70
trafficlight 0.0025 182 181 275 364
trafficlight 0.0022 71 117 267 431
trafficlight 0.0019 46 196 167 350
trafficlight 0.0018 -29 -67 123 247
trafficlight 0.0018 247 -2 400 305
trafficlight 0.0016 237 88 410 400
trafficlight 0.0013 185 50 339 375
trafficlight 0.0012 32 35 184 328
trafficlight 0.0011 149 -56 304 113
trafficlight 0.0011 279 -49 430 229
trafficlight 0.0011 347 108 405 239
trafficlight 0.0011 347 -5 402 77
trafficlight 0.0011 148 168 201 266
trafficlight 0.0010 181 -50 268 177
trafficlight 0.0010 -6 -11 53 57
trafficlight 0.0010 163 163 222 245
stop 0.0490 143 72 271 157
stop 0.0209 160 61 297 216
stop 0.0085 28 8 371 227
stop 0.0077 112 -1 286 239
stop 0.0010 71 -58 451 299
speedlimit 0.0115 -38 96 192 392
speedlimit 0.0082 181 83 321 215
speedlimit 0.0080 49 151 164 341
speedlimit 0.0064 44 -16 180 140
speedlimit 0.0039 108 -19 239 155
speedlimit 0.0032 30 -60 244 179
speedlimit 0.0028 24 117 125 310
speedlimit 0.0025 82 190 190 356
speedlimit 0.0021 186 79 273 262
speedlimit 0.0020 272 187 378 366
speedlimit 0.0015 143 72 271 157
speedlimit 0.0014 224 52 346 202
speedlimit 0.0012 35 125 241 422
speedlimit 0.0012 -9 157 105 338
speedlimit 0.0011 112 -109 283 229
speedlimit 0.0011 391 252 401 317
crosswalk 0.0055 13 156 140 339
crosswalk 0.0041 -38 96 192 392
crosswalk 0.0030 46 196 167 350
crosswalk 0.0020 -16 197 112 345
