stop 0.9922 149 164 176 195
stop 0.0096 22 146 28 157
stop 0.0053 45 226 52 239
stop 0.0035 43 221 51 236
stop 0.0029 57 144 63 151
stop 0.0011 49 170 54 177
stop 0.0011 151 165 171 187
speedlimit 0.9892 22 215 31 225
speedlimit 0.0158 22 146 28 157
speedlimit 0.0049 22 218 29 228
speedlimit 0.0030 75 30 80 37
speedlimit 0.0027 48 244 54 250
speedlimit 0.0024 34 213 41 225
speedlimit 0.0024 57 144 63 151
speedlimit 0.0023 22 150 28 159
speedlimit 0.0020 1 181 9 190
speedlimit 0.0020 18 213 37 227
speedlimit 0.0013 13 214 20 225
crosswalk 0.0056 0 192 5 202
crosswalk 0.0047 48 240 53 247
crosswalk 0.0037 48 244 54 250
crosswalk 0.0026 153 166 174 191
crosswalk 0.0025 96 248 101 254
crosswalk 0.0015 46 240 51 247
crosswalk 0.0013 25 245 31 251
crosswalk 0.0012 126 238 132 246
crosswalk 0.0011 50 191 56 202
