trafficlight 0.0053 117 193 124 201
trafficlight 0.0049 40 155 51 173
trafficlight 0.0046 35 155 43 172
trafficlight 0.0029 48 157 60 173
trafficlight 0.0020 0 125 6 140
trafficlight 0.0020 160 359 248 396
trafficlight 0.0018 41 151 48 167
trafficlight 0.0012 113 349 296 404
speedlimit 0.0056 0 125 6 140
speedlimit 0.0015 117 193 124 201
speedlimit 0.0011 141 168 149 175
crosswalk 0.9990 193 167 220 196
crosswalk 0.2094 117 193 124 201
crosswalk 0.0240 187 160 226 193
crosswalk 0.0048 86 178 99 192
crosswalk 0.0034 118 195 124 205
crosswalk 0.0023 115 193 121 201
