trafficlight 0.0580 151 173 232 348
trafficlight 0.0544 176 195 221 285
trafficlight 0.0420 167 227 235 340
trafficlight 0.0409 116 213 207 377
trafficlight 0.0272 125 141 202 319
trafficlight 0.0215 147 230 238 415
trafficlight 0.0078 185 240 218 325
trafficlight 0.0056 151 202 198 304
trafficlight 0.0055 155 209 296 378
trafficlight 0.0042 35 325 99 390
trafficlight 0.0041 169 379 180 396
trafficlight 0.0040 117 -1 143 52
trafficlight 0.0037 101 197 351 451
trafficlight 0.0033 151 113 233 285
trafficlight 0.0033 73 244 181 399
trafficlight 0.0029 54 264 144 440
trafficlight 0.0026 185 206 211 277
trafficlight 0.0025 21 323 136 397
trafficlight 0.0025 87 124 242 463
trafficlight 0.0022 170 210 208 291
trafficlight 0.0018 168 245 209 320
trafficlight 0.0018 169 151 279 309
trafficlight 0.0016 175 380 192 393
trafficlight 0.0014 114 260 210 443
trafficlight 0.0014 231 292 241 313
trafficlight 0.0014 91 159 172 370
trafficlight 0.0013 115 0 146 23
trafficlight 0.0012 169 377 199 395
trafficlight 0.0012 195 245 232 322
trafficlight 0.0012 171 193 261 287
trafficlight 0.0012 107 331 133 394
trafficlight 0.0010 34 262 110 444
stop 0.0097 115 0 146 23
stop 0.0016 57 393 77 399
speedlimit 0.0134 57 393 77 399
speedlimit 0.0035 62 393 85 399
speedlimit 0.0022 101 197 351 451
speedlimit 0.0019 175 -2 339 159
speedlimit 0.0016 151 242 304 405
speedlimit 0.0016 116 213 207 377
speedlimit 0.0015 39 391 97 399
crosswalk 0.0025 175 380 192 393
crosswalk 0.0012 166 375 201 390
