trafficlight 0.0263 93 352 108 395
trafficlight 0.0251 95 367 106 391
trafficlight 0.0175 79 230 104 301
trafficlight 0.0161 51 222 113 345
trafficlight 0.0103 72 172 159 349
trafficlight 0.0098 46 232 127 413
trafficlight 0.0092 48 141 126 319
trafficlight 0.0045 70 233 161 411
trafficlight 0.0030 100 204 194 379
trafficlight 0.0026 19 201 97 383
trafficlight 0.0024 61 201 105 308
trafficlight 0.0023 66 238 99 326
trafficlight 0.0016 58 272 99 387
trafficlight 0.0016 76 112 157 287
trafficlight 0.0015 99 369 110 389
trafficlight 0.0014 103 142 189 318
trafficlight 0.0014 9 119 168 466
trafficlight 0.0013 92 349 120 396
trafficlight 0.0012 18 140 97 319
trafficlight 0.0012 104 262 191 443
speedlimit 0.9989 128 84 183 143
speedlimit 0.0010 20 392 41 398
crosswalk 0.0011 35 393 54 399
