trafficlight 0.5335 38 245 65 299
trafficlight 0.0481 32 235 76 327
trafficlight 0.0099 52 278 72 313
trafficlight 0.0074 41 254 55 289
trafficlight 0.0058 48 276 76 328
trafficlight 0.0049 16 201 96 383
trafficlight 0.0031 44 249 76 309
trafficlight 0.0030 -1 306 13 322
trafficlight 0.0022 44 306 51 315
trafficlight 0.0022 42 243 60 276
trafficlight 0.0019 56 279 69 299
trafficlight 0.0013 252 330 266 385
trafficlight 0.0011 -12 170 67 351
trafficlight 0.0010 39 202 131 381
stop 0.0040 -1 306 13 322
speedlimit 0.9983 98 163 150 215
speedlimit 0.6953 -1 308 13 323
speedlimit 0.0028 -6 302 11 324
speedlimit 0.0021 4 340 24 354
speedlimit 0.0014 44 306 51 315
speedlimit 0.0012 70 161 165 227
crosswalk 0.0395 44 306 51 315
crosswalk 0.0024 -1 306 13 322
crosswalk 0.0011 62 245 70 270
