trafficlight 0.5023 205 255 231 323
trafficlight 0.2543 198 248 245 328
trafficlight 0.0488 229 284 249 320
trafficlight 0.0278 172 201 248 381
trafficlight 0.0119 225 252 264 317
trafficlight 0.0102 191 257 251 368
trafficlight 0.0085 227 263 251 332
trafficlight 0.0068 175 241 311 406
trafficlight 0.0058 207 252 284 346
trafficlight 0.0043 180 192 300 334
trafficlight 0.0040 168 262 251 445
trafficlight 0.0034 191 220 271 323
trafficlight 0.0032 130 187 355 461
trafficlight 0.0027 206 265 237 354
trafficlight 0.0025 141 231 221 414
trafficlight 0.0020 236 291 251 316
trafficlight 0.0016 103 -10 191 164
trafficlight 0.0016 130 167 229 343
trafficlight 0.0016 225 345 242 363
trafficlight 0.0014 193 260 227 335
trafficlight 0.0012 74 -9 160 164
trafficlight 0.0011 224 289 254 328
trafficlight 0.0011 157 139 253 324
trafficlight 0.0010 212 278 251 326
stop 0.9883 121 175 159 214
stop 0.0112 159 392 177 399
stop 0.0034 186 240 211 261
stop 0.0021 74 320 180 404
speedlimit 0.0167 294 267 300 277
speedlimit 0.0114 26 376 135 400
speedlimit 0.0085 159 392 177 399
speedlimit 0.0041 230 188 241 198
speedlimit 0.0024 52 -1 102 10
speedlimit 0.0017 206 256 233 321
speedlimit 0.0016 173 208 306 376
speedlimit 0.0014 182 0 201 6
speedlimit 0.0013 250 369 255 376
speedlimit 0.0012 130 187 355 461
speedlimit 0.0012 207 341 220 359
crosswalk 0.9719 227 345 245 363
crosswalk 0.9714 231 253 261 293
crosswalk 0.0026 266 392 283 399
crosswalk 0.0025 220 340 252 362
crosswalk 0.0015 133 362 139 371
crosswalk 0.0011 225 252 264 317
