trafficlight 0.9954 204 161 225 228
trafficlight 0.8632 88 167 114 221
trafficlight 0.0431 86 169 103 208
trafficlight 0.0387 192 164 241 244
trafficlight 0.0298 90 168 109 200
trafficlight 0.0191 100 86 115 138
trafficlight 0.0191 158 229 169 255
trafficlight 0.0152 112 234 121 250
trafficlight 0.0149 204 166 224 202
trafficlight 0.0148 63 239 89 305
trafficlight 0.0082 143 231 149 238
trafficlight 0.0054 96 174 112 205
trafficlight 0.0052 249 221 255 231
trafficlight 0.0045 101 96 113 127
trafficlight 0.0044 88 179 99 208
trafficlight 0.0041 170 110 249 287
trafficlight 0.0039 220 171 236 218
trafficlight 0.0036 214 165 244 225
trafficlight 0.0033 147 229 156 253
trafficlight 0.0032 103 56 116 105
trafficlight 0.0031 224 180 234 211
trafficlight 0.0030 72 314 84 338
trafficlight 0.0027 82 135 90 151
trafficlight 0.0025 203 174 217 214
trafficlight 0.0023 59 232 100 335
trafficlight 0.0023 115 234 126 248
trafficlight 0.0022 136 231 143 237
trafficlight 0.0021 88 169 100 196
trafficlight 0.0021 160 229 167 245
trafficlight 0.0021 198 27 205 42
trafficlight 0.0020 199 148 233 216
trafficlight 0.0020 112 227 120 245
trafficlight 0.0020 155 227 171 268
trafficlight 0.0020 222 262 240 297
trafficlight 0.0019 66 241 85 277
trafficlight 0.0019 278 265 288 282
trafficlight 0.0018 225 263 237 285
trafficlight 0.0017 75 315 87 336
trafficlight 0.0016 220 262 255 299
trafficlight 0.0016 156 249 182 310
trafficlight 0.0016 100 81 127 153
trafficlight 0.0016 247 213 256 227
trafficlight 0.0013 78 314 87 325
trafficlight 0.0012 172 233 181 250
trafficlight 0.0011 80 176 91 201
trafficlight 0.0011 111 180 118 199
trafficlight 0.0011 142 229 152 252
trafficlight 0.0011 184 166 278 250
trafficlight 0.0011 212 173 227 217
trafficlight 0.0011 160 234 172 263
trafficlight 0.0011 96 194 114 212
trafficlight 0.0010 97 99 106 124
stop 0.0075 204 166 224 202
stop 0.0040 92 171 106 195
stop 0.0020 105 84 115 108
stop 0.0014 104 55 116 119
stop 0.0011 183 34 196 54
speedlimit 0.0018 183 34 196 54
speedlimit 0.0014 103 56 116 105
speedlimit 0.0014 91 168 117 220
crosswalk 0.9849 171 182 200 215
crosswalk 0.0469 143 231 149 238
crosswalk 0.0064 88 172 114 228
crosswalk 0.0030 136 231 143 237
crosswalk 0.0017 92 204 111 214
crosswalk 0.0013 168 171 214 219
