trafficlight 0.0105 207 345 218 366
trafficlight 0.0037 218 347 226 365
trafficlight 0.0027 209 347 216 356
trafficlight 0.0011 209 358 217 372
trafficlight 0.0011 205 342 221 370
stop 0.0019 209 347 216 356
speedlimit 0.9876 146 174 186 215
speedlimit 0.0023 220 370 225 376
speedlimit 0.0020 211 370 216 375
crosswalk 0.0134 236 363 243 371
crosswalk 0.0132 152 355 157 362
crosswalk 0.0057 12 277 164 415
crosswalk 0.0023 40 374 152 399
crosswalk 0.0019 -20 375 89 400
crosswalk 0.0019 235 366 242 373
crosswalk 0.0017 211 370 216 375
crosswalk 0.0014 51 361 142 395
crosswalk 0.0012 -19 220 195 483
crosswalk 0.0011 -1 92 6 114
crosswalk 0.0011 -57 349 158 400
