trafficlight 0.0035 144 89 198 172
trafficlight 0.0018 106 -27 379 306
trafficlight 0.0018 187 175 352 291
trafficlight 0.0014 132 89 242 179
stop 0.0192 97 380 164 399
stop 0.0188 79 69 405 329
stop 0.0064 147 120 335 284
stop 0.0038 159 122 260 266
stop 0.0033 178 29 365 371
stop 0.0014 118 15 488 445
stop 0.0013 187 175 352 291
speedlimit 0.8613 161 145 243 225
speedlimit 0.0743 187 175 352 291
speedlimit 0.0309 73 376 178 400
speedlimit 0.0082 182 90 362 371
speedlimit 0.0030 83 -34 401 311
speedlimit 0.0022 206 90 346 252
speedlimit 0.0014 27 389 82 399
crosswalk 0.1603 12 87 173 237
crosswalk 0.0036 194 135 350 277
crosswalk 0.0032 178 29 365 371
crosswalk 0.0025 44 25 184 209
crosswalk 0.0018 -2 -51 177 267
crosswalk 0.0010 -37 92 105 237
crosswalk 0.0010 77 3 407 335
