trafficlight 0.0254 160 322 220 398
trafficlight 0.0154 120 333 138 365
trafficlight 0.0103 137 263 220 443
trafficlight 0.0081 165 264 251 442
trafficlight 0.0047 117 319 230 402
trafficlight 0.0032 108 263 189 444
trafficlight 0.0027 184 269 298 435
trafficlight 0.0022 197 341 216 386
trafficlight 0.0016 117 333 143 378
trafficlight 0.0013 3 282 42 349
trafficlight 0.0013 183 332 217 383
speedlimit 0.9957 78 182 111 216
speedlimit 0.0092 36 377 157 401
speedlimit 0.0016 84 189 105 213
speedlimit 0.0013 263 312 362 408
