trafficlight 0.0020 136 194 201 283
trafficlight 0.0013 148 284 160 350
trafficlight 0.0010 177 365 187 395
trafficlight 0.0010 147 284 174 352
trafficlight 0.0010 261 102 276 119
stop 0.0063 120 84 232 255
stop 0.0038 41 60 321 336
stop 0.0031 122 -21 233 174
stop 0.0017 7 -38 354 190
stop 0.0015 13 -120 348 333
stop 0.0012 130 191 207 286
speedlimit 0.9634 122 102 198 188
speedlimit 0.9257 119 7 196 95
speedlimit 0.0058 134 135 273 279
speedlimit 0.0012 126 81 357 323
speedlimit 0.0010 130 191 207 286
crosswalk 0.1282 130 191 207 286
crosswalk 0.0144 102 184 246 330
crosswalk 0.0017 85 128 271 390
crosswalk 0.0010 133 134 276 313
