trafficlight 0.0175 12 292 19 302
trafficlight 0.0063 47 291 55 304
trafficlight 0.0048 50 84 58 94
trafficlight 0.0037 10 369 17 379
trafficlight 0.0032 137 309 153 356
trafficlight 0.0021 47 267 55 280
trafficlight 0.0021 16 82 24 93
trafficlight 0.0021 44 290 52 303
trafficlight 0.0018 34 84 42 92
trafficlight 0.0015 10 298 19 304
trafficlight 0.0011 16 105 24 117
trafficlight 0.0011 12 267 19 280
trafficlight 0.0010 14 105 21 118
trafficlight 0.0010 33 106 41 116
stop 0.0014 136 -66 469 219
stop 0.0013 110 133 179 202
stop 0.0012 108 115 206 266
stop 0.0011 -31 35 332 361
speedlimit 0.9924 111 135 180 206
crosswalk 0.0017 12 292 19 302
