trafficlight 0.0035 202 235 210 246
trafficlight 0.0024 180 237 186 247
trafficlight 0.0014 171 253 176 260
trafficlight 0.0010 185 193 210 248
trafficlight 0.0010 168 254 173 260
stop 0.7896 190 222 202 239
stop 0.0047 171 247 177 254
stop 0.0037 210 307 316 383
stop 0.0032 224 323 303 366
stop 0.0025 185 193 210 248
stop 0.0020 202 222 207 234
stop 0.0017 169 248 174 255
stop 0.0017 200 226 208 240
stop 0.0013 180 237 186 247
stop 0.0010 84 205 96 215
speedlimit 0.9785 91 127 135 171
speedlimit 0.1407 84 205 96 215
speedlimit 0.0629 193 169 200 176
speedlimit 0.0298 213 170 220 176
speedlimit 0.0028 171 247 177 254
speedlimit 0.0015 81 206 92 215
speedlimit 0.0011 169 248 174 255
crosswalk 0.0406 168 254 173 260
crosswalk 0.0164 171 253 176 260
crosswalk 0.0025 202 235 210 246
crosswalk 0.0012 205 210 210 227
crosswalk 0.0010 95 216 102 224
crosswalk 0.0010 126 260 131 267
