trafficlight 0.8478 39 246 69 296
trafficlight 0.0312 12 341 58 393
trafficlight 0.0238 31 350 60 395
trafficlight 0.0099 3 326 68 405
trafficlight 0.0051 0 309 13 323
trafficlight 0.0050 55 245 73 291
trafficlight 0.0043 48 266 73 292
trafficlight 0.0026 35 236 87 305
trafficlight 0.0025 44 274 71 306
trafficlight 0.0020 47 283 69 296
trafficlight 0.0019 59 272 75 295
trafficlight 0.0019 30 250 55 296
trafficlight 0.0013 39 273 65 296
trafficlight 0.0013 98 164 151 217
trafficlight 0.0013 7 371 61 395
trafficlight 0.0013 22 244 63 303
trafficlight 0.0013 61 243 79 293
trafficlight 0.0012 49 251 78 298
trafficlight 0.0011 6 388 51 398
stop 0.0043 80 -14 437 392
stop 0.0026 40 247 72 295
stop 0.0014 0 310 13 324
stop 0.0011 98 164 151 217
speedlimit 0.9502 98 163 152 217
speedlimit 0.0042 6 388 51 398
speedlimit 0.0031 0 310 13 324
speedlimit 0.0031 2 338 23 355
speedlimit 0.0024 39 246 70 296
crosswalk 0.0097 106 298 112 304
crosswalk 0.0037 40 247 72 295
crosswalk 0.0033 85 220 91 227
crosswalk 0.0019 60 241 72 277
crosswalk 0.0015 108 296 113 303
crosswalk 0.0013 85 217 93 227
crosswalk 0.0011 98 164 151 217
crosswalk 0.0010 12 389 43 398
