trafficlight 0.8970 146 167 181 268
trafficlight 0.8731 117 209 141 270
trafficlight 0.8175 155 171 204 252
trafficlight 0.7573 6 334 22 361
trafficlight 0.0333 126 216 147 267
trafficlight 0.0270 142 189 168 258
trafficlight 0.0212 220 385 250 397
trafficlight 0.0134 12 333 24 356
trafficlight 0.0095 26 342 37 363
trafficlight 0.0093 191 384 228 398
trafficlight 0.0091 145 218 171 263
trafficlight 0.0060 3 333 18 356
trafficlight 0.0058 112 204 161 271
trafficlight 0.0057 20 339 35 363
trafficlight 0.0053 132 241 148 269
trafficlight 0.0053 12 336 33 365
trafficlight 0.0046 31 343 42 364
trafficlight 0.0045 181 384 273 400
trafficlight 0.0043 161 384 216 400
trafficlight 0.0039 -16 322 49 378
trafficlight 0.0034 133 196 151 256
trafficlight 0.0034 135 212 182 268
trafficlight 0.0034 0 344 17 364
trafficlight 0.0031 94 340 102 354
trafficlight 0.0028 0 345 8 367
trafficlight 0.0027 154 207 182 259
trafficlight 0.0026 127 103 175 153
trafficlight 0.0024 252 321 303 399
trafficlight 0.0023 178 179 213 230
trafficlight 0.0023 23 340 42 366
trafficlight 0.0022 144 236 168 265
trafficlight 0.0022 153 190 177 238
trafficlight 0.0021 132 236 160 265
trafficlight 0.0020 159 173 182 219
trafficlight 0.0019 89 340 99 354
trafficlight 0.0018 0 338 20 370
trafficlight 0.0017 13 345 28 364
trafficlight 0.0017 -1 353 5 367
trafficlight 0.0016 117 246 159 346
trafficlight 0.0016 150 170 179 209
trafficlight 0.0016 88 383 115 397
trafficlight 0.0015 241 254 314 426
trafficlight 0.0014 171 195 189 244
trafficlight 0.0012 112 230 130 273
trafficlight 0.0010 100 338 110 356
stop 0.9661 126 102 175 154
stop 0.0028 179 178 212 231
stop 0.0023 89 341 98 354
stop 0.0017 187 384 232 398
stop 0.0016 7 333 23 364
stop 0.0016 117 209 141 269
stop 0.0013 182 383 271 400
stop 0.0011 119 86 202 172
stop 0.0010 146 168 180 268
speedlimit 0.0055 5 334 22 362
speedlimit 0.0044 116 209 140 265
speedlimit 0.0027 127 103 175 153
speedlimit 0.0026 190 384 229 398
speedlimit 0.0023 172 384 249 398
speedlimit 0.0016 90 339 99 353
speedlimit 0.0014 83 357 89 363
speedlimit 0.0013 178 179 213 230
speedlimit 0.0012 146 169 181 266
crosswalk 0.9116 179 178 212 231
crosswalk 0.8549 90 339 99 353
crosswalk 0.5281 154 171 206 251
crosswalk 0.1076 164 384 247 399
crosswalk 0.0864 190 384 227 398
crosswalk 0.0320 87 383 115 395
crosswalk 0.0207 73 384 125 397
crosswalk 0.0181 95 340 102 354
crosswalk 0.0146 222 385 248 398
crosswalk 0.0054 208 384 256 396
crosswalk 0.0052 171 167 231 246
crosswalk 0.0051 92 339 103 357
crosswalk 0.0040 127 103 175 153
crosswalk 0.0027 87 343 96 358
crosswalk 0.0020 116 208 141 270
crosswalk 0.0019 14 373 21 383
crosswalk 0.0017 5 333 23 362
crosswalk 0.0017 86 337 100 355
crosswalk 0.0015 166 385 210 399
crosswalk 0.0011 87 341 94 354
crosswalk 0.0011 98 338 103 351
crosswalk 0.0011 146 168 180 268
crosswalk 0.0011 78 382 106 395
