trafficlight 0.0916 125 343 153 400
trafficlight 0.0462 200 303 206 315
trafficlight 0.0445 144 338 177 395
trafficlight 0.0249 120 352 138 396
trafficlight 0.0168 198 294 208 314
trafficlight 0.0168 168 330 196 387
trafficlight 0.0164 150 327 195 399
trafficlight 0.0139 183 331 194 361
trafficlight 0.0077 155 236 160 245
trafficlight 0.0065 119 363 127 393
trafficlight 0.0062 195 299 204 313
trafficlight 0.0054 189 290 202 315
trafficlight 0.0043 18 381 42 400
trafficlight 0.0039 101 330 163 412
trafficlight 0.0038 186 292 195 312
trafficlight 0.0036 241 205 252 230
trafficlight 0.0035 113 347 146 401
trafficlight 0.0031 154 240 159 248
trafficlight 0.0031 146 303 218 411
trafficlight 0.0022 184 332 193 350
trafficlight 0.0020 139 345 158 398
trafficlight 0.0019 116 364 134 399
trafficlight 0.0019 127 364 155 396
trafficlight 0.0018 146 262 152 269
trafficlight 0.0016 198 279 213 307
trafficlight 0.0015 180 327 200 376
trafficlight 0.0012 170 178 222 235
trafficlight 0.0011 152 236 158 246
trafficlight 0.0011 190 287 208 322
speedlimit 0.9731 170 179 221 235
speedlimit 0.0827 146 262 152 269
speedlimit 0.0051 146 260 153 271
speedlimit 0.0011 151 262 157 270
crosswalk 0.0219 147 261 153 268
crosswalk 0.0013 200 304 206 314
