trafficlight 0.5701 87 49 209 281
trafficlight 0.0947 198 96 304 358
trafficlight 0.0922 90 121 187 258
trafficlight 0.0560 108 24 255 348
trafficlight 0.0397 91 33 190 198
trafficlight 0.0394 198 149 333 452
trafficlight 0.0097 240 178 325 391
trafficlight 0.0088 88 178 158 246
trafficlight 0.0072 118 104 207 244
trafficlight 0.0059 225 132 271 259
trafficlight 0.0055 138 50 339 440
trafficlight 0.0046 124 129 218 303
trafficlight 0.0039 230 139 259 233
trafficlight 0.0028 205 98 269 296
trafficlight 0.0027 117 48 212 167
trafficlight 0.0025 124 36 233 235
trafficlight 0.0020 216 103 257 249
trafficlight 0.0018 211 149 296 280
trafficlight 0.0018 90 56 147 188
trafficlight 0.0016 269 195 322 339
trafficlight 0.0016 -1 275 75 407
trafficlight 0.0015 231 138 255 194
trafficlight 0.0012 90 117 139 236
stop 0.0031 108 24 255 348
stop 0.0025 191 121 318 418
stop 0.0014 86 32 213 204
stop 0.0013 105 83 203 267
speedlimit 0.0068 80 387 167 399
speedlimit 0.0032 113 53 240 285
speedlimit 0.0028 191 121 318 418
speedlimit 0.0016 98 85 196 246
speedlimit 0.0010 87 31 211 206
crosswalk 0.0022 108 24 255 348
crosswalk 0.0018 191 121 318 418
crosswalk 0.0011 105 83 203 267
