trafficlight 0.0034 149 165 178 196
trafficlight 0.0024 23 148 29 157
trafficlight 0.0023 22 215 31 225
stop 0.9562 149 166 178 195
stop 0.0398 24 147 29 157
stop 0.0062 138 157 192 208
stop 0.0027 22 215 31 225
stop 0.0023 20 144 31 158
speedlimit 0.8047 22 215 31 226
speedlimit 0.0223 24 147 29 157
speedlimit 0.0056 266 187 273 194
speedlimit 0.0036 149 165 178 196
speedlimit 0.0023 18 216 28 226
speedlimit 0.0020 -56 111 217 370
speedlimit 0.0018 94 0 108 4
speedlimit 0.0011 -10 166 159 311
speedlimit 0.0011 17 211 36 230
crosswalk 0.0060 25 147 31 157
crosswalk 0.0039 23 148 29 157
crosswalk 0.0027 149 165 178 196
crosswalk 0.0022 0 233 7 241
crosswalk 0.0022 22 215 31 225
