trafficlight 0.0025 77 250 81 256
trafficlight 0.0020 186 265 192 271
trafficlight 0.0011 134 206 155 226
stop 0.0011 134 206 156 226
speedlimit 0.9220 134 206 155 227
speedlimit 0.0067 77 249 81 256
speedlimit 0.0014 185 265 192 271
speedlimit 0.0013 78 250 82 257
crosswalk 0.0514 186 265 192 271
crosswalk 0.0222 293 203 300 220
crosswalk 0.0220 77 250 81 256
crosswalk 0.0068 183 263 193 271
crosswalk 0.0064 135 258 140 265
crosswalk 0.0040 186 263 191 269
crosswalk 0.0031 293 192 305 223
crosswalk 0.0030 291 199 299 218
crosswalk 0.0021 188 263 193 269
crosswalk 0.0017 75 246 82 255
crosswalk 0.0014 184 264 196 275
crosswalk 0.0013 135 257 143 266
crosswalk 0.0013 134 206 156 226
crosswalk 0.0011 78 247 82 254
