trafficlight 0.1273 47 317 53 329
trafficlight 0.0388 48 292 53 304
trafficlight 0.0112 48 268 53 278
trafficlight 0.0074 13 267 18 279
trafficlight 0.0065 34 128 40 139
trafficlight 0.0047 46 291 53 308
trafficlight 0.0034 46 312 55 330
trafficlight 0.0034 11 317 19 328
trafficlight 0.0032 50 317 57 329
trafficlight 0.0024 51 107 56 118
trafficlight 0.0023 34 124 41 144
trafficlight 0.0022 34 105 40 115
trafficlight 0.0020 110 134 181 206
trafficlight 0.0019 51 131 57 142
trafficlight 0.0019 42 261 55 286
trafficlight 0.0018 135 292 156 370
trafficlight 0.0018 11 264 18 281
trafficlight 0.0016 46 268 54 282
trafficlight 0.0016 49 223 54 233
trafficlight 0.0016 17 82 23 93
trafficlight 0.0015 48 244 54 255
trafficlight 0.0014 13 264 19 276
trafficlight 0.0014 52 83 58 95
trafficlight 0.0013 45 246 54 257
trafficlight 0.0012 46 290 52 300
trafficlight 0.0012 36 130 43 142
trafficlight 0.0011 9 368 15 378
trafficlight 0.0011 50 292 58 303
trafficlight 0.0011 48 264 54 276
trafficlight 0.0011 35 106 43 117
trafficlight 0.0011 32 222 38 233
trafficlight 0.0010 11 262 21 278
trafficlight 0.0010 43 289 55 313
stop 0.0019 110 134 181 206
stop 0.0017 47 317 53 329
speedlimit 0.9593 110 135 182 206
speedlimit 0.0048 47 317 53 329
speedlimit 0.0011 48 292 53 304
crosswalk 0.0028 47 317 53 329
crosswalk 0.0022 110 134 181 206
crosswalk 0.0010 48 292 53 304
