trafficlight 0.0092 0 123 5 133
trafficlight 0.0041 154 180 169 209
trafficlight 0.0032 118 194 124 201
trafficlight 0.0022 177 172 207 201
trafficlight 0.0021 151 176 173 214
trafficlight 0.0020 193 168 219 195
trafficlight 0.0020 276 152 283 160
trafficlight 0.0020 0 121 8 135
trafficlight 0.0012 99 315 176 416
trafficlight 0.0012 286 226 296 249
trafficlight 0.0011 278 153 285 159
trafficlight 0.0010 284 222 300 251
stop 0.0263 118 194 124 201
stop 0.0013 195 167 220 196
speedlimit 0.0036 118 194 124 201
speedlimit 0.0019 192 167 220 197
speedlimit 0.0018 0 123 5 133
crosswalk 0.9273 193 168 219 196
crosswalk 0.1441 118 194 124 201
crosswalk 0.0291 120 194 126 201
crosswalk 0.0053 116 192 125 202
crosswalk 0.0038 117 345 314 401
crosswalk 0.0035 181 160 235 209
crosswalk 0.0027 117 195 122 202
crosswalk 0.0023 117 192 122 200
crosswalk 0.0018 280 153 288 159
