trafficlight 0.0324 116 268 125 287
trafficlight 0.0320 106 261 112 273
trafficlight 0.0243 115 265 123 282
trafficlight 0.0110 119 268 131 288
trafficlight 0.0090 93 261 104 277
trafficlight 0.0057 89 259 98 274
trafficlight 0.0043 106 256 114 274
trafficlight 0.0032 84 157 138 232
trafficlight 0.0027 85 18 147 119
trafficlight 0.0022 0 247 7 268
trafficlight 0.0015 121 267 135 296
trafficlight 0.0015 84 261 98 279
trafficlight 0.0013 267 275 274 290
trafficlight 0.0013 286 267 299 280
trafficlight 0.0012 111 264 131 295
trafficlight 0.0012 79 256 90 278
trafficlight 0.0011 276 272 285 289
trafficlight 0.0010 0 245 9 277
trafficlight 0.0010 272 272 285 291
stop 0.9633 86 22 144 118
stop 0.0026 96 249 102 259
stop 0.0019 84 157 138 232
stop 0.0017 93 260 103 274
stop 0.0015 286 267 299 280
speedlimit 0.0486 96 248 103 259
speedlimit 0.0134 95 251 105 269
speedlimit 0.0023 106 261 112 273
speedlimit 0.0021 93 260 103 274
speedlimit 0.0021 84 157 138 232
speedlimit 0.0020 85 18 147 119
speedlimit 0.0011 285 268 298 280
speedlimit 0.0011 148 394 168 399
speedlimit 0.0010 162 172 176 206
crosswalk 0.9505 85 158 137 232
crosswalk 0.8398 92 261 103 274
crosswalk 0.8305 285 268 298 280
crosswalk 0.0235 89 259 98 274
crosswalk 0.0222 94 256 102 270
crosswalk 0.0055 85 23 146 107
crosswalk 0.0024 106 261 112 273
crosswalk 0.0018 285 262 306 285
crosswalk 0.0017 84 261 98 279
