trafficlight 0.8306 152 201 220 337
trafficlight 0.6291 119 0 141 36
trafficlight 0.0840 179 199 213 324
trafficlight 0.0297 104 335 127 379
trafficlight 0.0279 87 331 128 382
trafficlight 0.0092 175 187 242 340
trafficlight 0.0081 69 337 135 390
trafficlight 0.0060 192 275 222 328
trafficlight 0.0050 175 266 223 332
trafficlight 0.0043 157 245 199 345
trafficlight 0.0043 42 380 55 399
trafficlight 0.0038 160 118 276 396
trafficlight 0.0036 182 226 209 298
trafficlight 0.0028 20 320 154 407
trafficlight 0.0028 125 10 141 42
trafficlight 0.0027 102 -12 164 57
trafficlight 0.0024 158 338 164 347
trafficlight 0.0021 156 373 162 382
trafficlight 0.0021 225 82 232 94
trafficlight 0.0019 193 244 207 280
trafficlight 0.0019 146 66 329 433
trafficlight 0.0019 158 342 165 349
trafficlight 0.0019 114 -12 144 113
trafficlight 0.0018 188 238 203 277
trafficlight 0.0017 156 363 163 382
trafficlight 0.0016 156 194 197 313
trafficlight 0.0013 155 226 214 299
trafficlight 0.0013 202 248 225 326
trafficlight 0.0013 170 378 177 392
trafficlight 0.0012 157 338 168 350
trafficlight 0.0012 153 336 166 351
trafficlight 0.0012 128 346 151 385
trafficlight 0.0012 150 258 223 359
trafficlight 0.0011 130 336 150 367
trafficlight 0.0011 75 83 86 105
trafficlight 0.0011 45 382 62 400
trafficlight 0.0011 156 330 163 346
trafficlight 0.0011 188 203 221 290
trafficlight 0.0011 36 379 59 397
trafficlight 0.0011 154 343 165 360
trafficlight 0.0010 166 378 179 394
trafficlight 0.0010 157 283 215 337
trafficlight 0.0010 224 81 233 101
trafficlight 0.0010 201 282 238 376
stop 0.0029 118 0 141 36
stop 0.0020 228 373 238 381
stop 0.0014 152 206 211 335
speedlimit 0.0039 120 0 140 37
speedlimit 0.0014 152 201 220 337
speedlimit 0.0013 95 392 127 399
crosswalk 0.0030 118 0 142 37
crosswalk 0.0010 152 206 211 335
