trafficlight 0.5466 66 70 185 336
trafficlight 0.5002 0 68 85 339
trafficlight 0.4412 266 -36 396 243
trafficlight 0.2080 107 100 218 330
trafficlight 0.1775 79 116 173 277
trafficlight 0.1096 6 45 136 365
trafficlight 0.0713 115 87 308 345
trafficlight 0.0652 198 44 419 310
trafficlight 0.0338 57 126 139 301
trafficlight 0.0317 6 145 77 285
trafficlight 0.0202 120 136 200 295
trafficlight 0.0175 -7 -20 202 349
trafficlight 0.0162 9 154 124 315
trafficlight 0.0156 139 109 182 236
trafficlight 0.0137 223 -11 396 156
trafficlight 0.0125 299 4 402 166
trafficlight 0.0108 296 88 406 259
trafficlight 0.0094 44 -12 179 270
trafficlight 0.0092 87 29 212 270
trafficlight 0.0073 0 194 96 305
trafficlight 0.0072 278 63 408 368
trafficlight 0.0055 145 73 285 162
trafficlight 0.0052 81 173 210 312
trafficlight 0.0041 75 49 169 222
trafficlight 0.0033 127 105 247 262
trafficlight 0.0031 -10 -26 113 272
trafficlight 0.0030 144 148 186 276
trafficlight 0.0028 180 -45 363 194
trafficlight 0.0028 91 158 152 287
trafficlight 0.0027 234 13 365 273
trafficlight 0.0026 63 144 114 280
trafficlight 0.0022 113 82 199 236
trafficlight 0.0019 335 108 399 330
trafficlight 0.0017 2 106 88 242
trafficlight 0.0015 25 197 125 288
trafficlight 0.0014 265 28 369 201
trafficlight 0.0013 43 175 102 310
trafficlight 0.0013 -10 210 148 329
trafficlight 0.0013 183 86 360 378
trafficlight 0.0012 32 211 90 300
trafficlight 0.0010 122 167 181 262
trafficlight 0.0010 40 115 225 376
trafficlight 0.0010 229 -10 344 104
stop 0.8862 145 75 287 162
stop 0.0041 197 34 417 368
stop 0.0034 281 -31 404 274
stop 0.0034 1 81 81 322
stop 0.0025 55 6 174 289
stop 0.0021 79 116 173 277
stop 0.0015 116 63 307 368
stop 0.0014 -5 11 142 362
stop 0.0013 121 85 200 322
speedlimit 0.0101 7 130 76 301
speedlimit 0.0074 147 74 286 162
speedlimit 0.0035 83 116 180 295
speedlimit 0.0030 282 -31 404 237
speedlimit 0.0027 197 34 417 368
speedlimit 0.0023 61 22 174 306
speedlimit 0.0018 -1 56 97 320
crosswalk 0.0083 145 73 285 162
crosswalk 0.0034 1 81 81 322
crosswalk 0.0029 197 34 417 368
crosswalk 0.0026 281 -31 404 274
crosswalk 0.0018 55 6 174 289
crosswalk 0.0018 79 116 173 277
