trafficlight 0.1303 115 231 127 263
trafficlight 0.0170 115 230 135 266
trafficlight 0.0092 245 -5 304 119
trafficlight 0.0041 139 231 179 268
trafficlight 0.0015 115 231 124 247
trafficlight 0.0014 120 97 156 133
trafficlight 0.0012 242 0 294 68
trafficlight 0.0012 226 -33 309 170
trafficlight 0.0011 110 225 150 278
trafficlight 0.0010 272 -2 300 58
stop 0.0040 143 230 182 268
stop 0.0013 120 97 156 133
speedlimit 0.9457 120 97 156 133
speedlimit 0.0025 143 230 182 268
crosswalk 0.9455 143 231 181 270
crosswalk 0.0015 120 97 156 133
