trafficlight 0.0738 8 337 24 373
trafficlight 0.0647 16 341 23 352
trafficlight 0.0437 17 340 25 358
trafficlight 0.0191 14 339 24 355
trafficlight 0.0094 15 341 21 349
trafficlight 0.0047 0 335 23 390
trafficlight 0.0038 40 309 52 322
trafficlight 0.0029 22 342 28 351
trafficlight 0.0024 20 342 29 359
trafficlight 0.0014 118 134 155 172
trafficlight 0.0014 -7 317 28 407
stop 0.0020 40 308 52 322
stop 0.0017 101 11 460 405
stop 0.0012 118 134 155 172
stop 0.0010 15 341 23 352
speedlimit 0.9610 117 134 154 172
speedlimit 0.8244 40 308 52 321
speedlimit 0.0017 65 0 75 4
speedlimit 0.0016 5 0 25 9
speedlimit 0.0012 8 337 24 373
speedlimit 0.0011 -4 0 33 7
speedlimit 0.0010 263 3 277 20
crosswalk 0.0021 118 134 155 172
crosswalk 0.0018 40 309 52 322
