trafficlight 0.0749 171 244 180 256
trafficlight 0.0171 238 300 283 344
trafficlight 0.0071 170 245 181 263
trafficlight 0.0015 164 243 181 259
trafficlight 0.0013 224 283 307 368
trafficlight 0.0013 101 245 117 264
trafficlight 0.0012 145 170 165 190
trafficlight 0.0011 99 280 105 290
trafficlight 0.0011 174 245 182 258
stop 0.0042 170 244 180 256
stop 0.0014 -36 280 189 381
stop 0.0011 145 170 165 190
speedlimit 0.9137 145 170 165 190
speedlimit 0.0123 171 244 178 253
speedlimit 0.0024 166 244 179 258
speedlimit 0.0018 -36 280 189 381
speedlimit 0.0018 147 159 186 213
speedlimit 0.0010 196 294 200 300
crosswalk 0.0033 -36 280 189 381
crosswalk 0.0010 145 170 165 190
