trafficlight 0.0139 119 7 198 94
trafficlight 0.0054 286 5 302 62
trafficlight 0.0045 266 -2 298 58
trafficlight 0.0041 28 350 163 397
trafficlight 0.0028 274 237 301 292
trafficlight 0.0025 -1 183 13 229
trafficlight 0.0023 120 102 197 187
trafficlight 0.0019 279 -1 308 56
trafficlight 0.0018 100 348 154 397
trafficlight 0.0017 291 0 299 15
trafficlight 0.0014 278 229 301 269
trafficlight 0.0013 66 345 133 399
trafficlight 0.0012 111 337 129 351
trafficlight 0.0011 117 337 128 347
stop 0.0047 119 8 197 93
stop 0.0024 121 102 200 188
stop 0.0011 115 344 153 395
speedlimit 0.9499 121 101 201 189
speedlimit 0.9287 119 7 198 94
speedlimit 0.0013 278 239 301 266
crosswalk 0.0058 119 8 197 93
crosswalk 0.0043 294 188 299 198
crosswalk 0.0030 121 102 200 188
crosswalk 0.0029 295 190 300 203
crosswalk 0.0025 295 196 301 206
crosswalk 0.0022 146 278 183 411
crosswalk 0.0015 294 186 300 194
