trafficlight 0.0283 192 101 319 400
trafficlight 0.0052 139 0 173 67
trafficlight 0.0049 134 115 342 498
trafficlight 0.0043 244 155 305 378
trafficlight 0.0019 134 154 193 213
trafficlight 0.0019 44 213 165 442
trafficlight 0.0018 257 209 307 335
trafficlight 0.0018 13 120 186 416
trafficlight 0.0018 141 2 172 33
trafficlight 0.0017 85 157 158 417
trafficlight 0.0016 125 0 175 90
trafficlight 0.0014 10 244 50 332
stop 0.0020 135 154 193 212
stop 0.0013 152 80 327 423
speedlimit 0.9426 133 154 193 213
speedlimit 0.0015 152 80 327 423
crosswalk 0.0035 216 381 237 399
crosswalk 0.0023 219 388 236 399
crosswalk 0.0020 135 154 193 212
