trafficlight 0.0526 0 193 62 364
trafficlight 0.0513 10 174 34 252
trafficlight 0.0294 0 174 29 278
trafficlight 0.0237 57 0 98 27
trafficlight 0.0131 -2 169 35 342
trafficlight 0.0053 43 243 49 257
trafficlight 0.0043 -3 172 21 255
trafficlight 0.0042 138 223 143 232
trafficlight 0.0042 146 177 299 449
trafficlight 0.0036 43 240 51 263
trafficlight 0.0034 -11 173 19 291
trafficlight 0.0022 146 226 153 237
trafficlight 0.0019 1 225 52 319
trafficlight 0.0018 145 224 152 235
trafficlight 0.0017 152 184 204 210
trafficlight 0.0016 46 245 53 259
trafficlight 0.0016 38 241 45 254
trafficlight 0.0014 137 219 144 237
trafficlight 0.0014 39 237 45 248
trafficlight 0.0014 -14 163 89 425
trafficlight 0.0013 154 121 202 175
trafficlight 0.0013 -7 153 47 279
trafficlight 0.0012 34 237 41 247
trafficlight 0.0011 37 235 48 268
trafficlight 0.0011 291 171 298 185
trafficlight 0.0010 143 7 224 159
trafficlight 0.0010 146 223 159 247
stop 0.0015 57 0 98 26
stop 0.0011 154 122 201 174
speedlimit 0.9502 154 122 202 175
speedlimit 0.0081 124 222 129 228
speedlimit 0.0068 151 180 204 213
speedlimit 0.0031 170 0 186 7
speedlimit 0.0018 122 223 128 229
speedlimit 0.0013 148 0 169 5
speedlimit 0.0012 58 0 97 22
speedlimit 0.0011 155 1 195 15
speedlimit 0.0010 132 0 146 4
crosswalk 0.0145 11 178 37 246
crosswalk 0.0025 56 0 98 27
crosswalk 0.0016 53 41 63 59
crosswalk 0.0014 154 122 201 174
crosswalk 0.0011 124 222 129 228
crosswalk 0.0010 169 0 187 9
crosswalk 0.0010 52 35 64 64
