trafficlight 0.0018 53 255 119 322
trafficlight 0.0016 75 389 138 398
trafficlight 0.0010 85 388 117 398
stop 0.0018 92 368 251 403
stop 0.0015 53 255 119 322
stop 0.0013 75 389 138 398
speedlimit 0.9622 53 256 119 321
speedlimit 0.0030 119 372 248 402
speedlimit 0.0023 33 387 92 399
speedlimit 0.0016 4 386 108 402
speedlimit 0.0012 75 389 138 398
speedlimit 0.0010 41 391 83 399
crosswalk 0.1121 90 376 241 401
crosswalk 0.0839 93 388 197 400
crosswalk 0.0279 70 390 161 400
crosswalk 0.0228 105 392 161 400
crosswalk 0.0107 145 381 242 400
crosswalk 0.0100 171 385 231 399
crosswalk 0.0081 123 391 183 400
crosswalk 0.0076 97 393 138 400
crosswalk 0.0031 74 384 178 404
crosswalk 0.0021 77 367 252 412
crosswalk 0.0018 53 255 119 322
crosswalk 0.0014 87 390 116 399
crosswalk 0.0011 132 382 202 400
