trafficlight 0.8651 39 84 88 253
trafficlight 0.2613 44 87 89 182
trafficlight 0.0326 95 155 143 251
trafficlight 0.0166 44 114 83 214
trafficlight 0.0091 42 159 80 233
trafficlight 0.0067 207 351 216 373
trafficlight 0.0029 53 107 128 235
trafficlight 0.0027 74 290 178 407
trafficlight 0.0022 119 73 190 182
trafficlight 0.0021 77 120 143 265
trafficlight 0.0019 32 80 152 262
trafficlight 0.0018 61 242 209 438
trafficlight 0.0016 206 344 219 377
trafficlight 0.0015 56 88 91 145
trafficlight 0.0015 26 209 77 339
trafficlight 0.0014 55 79 106 195
trafficlight 0.0012 52 141 80 183
trafficlight 0.0012 85 88 109 140
trafficlight 0.0012 72 84 103 181
trafficlight 0.0011 200 317 312 403
trafficlight 0.0010 48 165 77 211
trafficlight 0.0010 48 120 78 167
stop 0.0028 117 73 191 184
stop 0.0018 37 84 87 247
speedlimit 0.0038 38 96 86 254
speedlimit 0.0023 119 73 190 182
crosswalk 0.9681 116 73 190 186
crosswalk 0.0062 42 102 91 242
crosswalk 0.0010 94 155 144 251
