trafficlight 0.1273 173 0 193 19
trafficlight 0.0037 54 281 58 288
trafficlight 0.0020 12 235 18 252
trafficlight 0.0014 10 230 18 256
trafficlight 0.0013 198 65 234 100
trafficlight 0.0010 89 229 98 244
stop 0.0011 198 65 234 100
stop 0.0010 173 0 193 18
speedlimit 0.9497 197 64 234 100
speedlimit 0.0022 54 281 58 288
speedlimit 0.0013 174 0 190 17
speedlimit 0.0010 189 54 252 113
crosswalk 0.0021 204 185 240 209
crosswalk 0.0013 198 65 234 100
crosswalk 0.0010 208 183 239 199
crosswalk 0.0010 173 0 193 18
