trafficlight 0.0020 110 167 156 214
trafficlight 0.0017 146 189 323 422
trafficlight 0.0017 170 262 281 368
trafficlight 0.0014 264 2 271 13
trafficlight 0.0010 98 280 312 417
trafficlight 0.0010 264 0 274 15
stop 0.0018 -8 269 248 425
stop 0.0015 110 167 156 214
speedlimit 0.9406 110 166 156 214
speedlimit 0.0076 150 219 155 224
speedlimit 0.0036 149 217 157 225
speedlimit 0.0013 146 218 154 225
crosswalk 0.0036 150 219 155 224
crosswalk 0.0017 110 167 156 214
crosswalk 0.0014 146 218 154 225
crosswalk 0.0014 264 3 271 16
crosswalk 0.0010 150 220 155 228
