trafficlight 0.0037 134 4 145 13
trafficlight 0.0034 35 241 44 249
trafficlight 0.0026 24 66 102 314
trafficlight 0.0025 263 102 269 111
trafficlight 0.0018 292 3 299 19
trafficlight 0.0018 131 4 154 16
trafficlight 0.0014 263 104 269 116
trafficlight 0.0013 98 237 105 245
trafficlight 0.0012 6 35 139 348
trafficlight 0.0010 117 230 136 249
trafficlight 0.0010 260 101 270 112
stop 0.0023 35 241 44 249
stop 0.0010 117 231 136 249
stop 0.0010 118 200 136 220
speedlimit 0.9037 118 200 136 219
speedlimit 0.8978 117 231 136 249
speedlimit 0.4199 35 241 43 250
speedlimit 0.0047 118 221 136 244
speedlimit 0.0029 32 240 45 253
speedlimit 0.0025 112 190 136 222
speedlimit 0.0013 40 241 47 251
speedlimit 0.0011 119 194 135 214
speedlimit 0.0011 70 78 76 84
speedlimit 0.0010 117 210 136 225
crosswalk 0.0582 35 241 43 250
crosswalk 0.0350 98 237 105 245
crosswalk 0.0026 96 236 107 247
crosswalk 0.0012 -1 195 19 264
crosswalk 0.0011 -28 258 122 319
crosswalk 0.0011 74 209 145 264
crosswalk 0.0011 117 231 136 249
crosswalk 0.0010 118 200 136 219
