trafficlight 0.0149 287 259 300 278
trafficlight 0.0030 67 222 270 435
trafficlight 0.0029 288 233 295 245
trafficlight 0.0028 294 238 300 247
trafficlight 0.0025 -27 176 110 470
trafficlight 0.0020 292 234 298 246
trafficlight 0.0016 289 234 299 249
trafficlight 0.0015 127 241 133 248
trafficlight 0.0014 284 256 297 280
trafficlight 0.0012 52 134 115 200
trafficlight 0.0012 -11 188 56 414
stop 0.0017 44 150 397 476
stop 0.0016 52 134 116 201
stop 0.0010 127 242 133 248
speedlimit 0.2378 127 242 133 248
speedlimit 0.0058 126 241 132 250
speedlimit 0.0017 227 239 233 244
speedlimit 0.0011 128 245 134 253
speedlimit 0.0011 52 134 115 200
speedlimit 0.0010 130 242 138 250
speedlimit 0.0010 34 199 58 227
crosswalk 0.9515 52 134 115 200
crosswalk 0.0021 127 242 133 248
