trafficlight 0.8520 103 299 146 403
trafficlight 0.0046 105 301 147 355
trafficlight 0.0024 111 142 175 210
trafficlight 0.0023 105 364 141 396
trafficlight 0.0019 115 313 157 395
trafficlight 0.0019 112 333 140 373
trafficlight 0.0018 140 372 151 397
trafficlight 0.0013 180 117 327 460
trafficlight 0.0013 107 347 146 403
trafficlight 0.0013 144 376 156 396
trafficlight 0.0010 134 357 150 395
trafficlight 0.0010 157 310 221 384
stop 0.0022 103 301 147 402
stop 0.0021 111 142 175 210
stop 0.0017 157 310 222 384
speedlimit 0.9645 110 142 176 210
speedlimit 0.0022 103 301 147 402
crosswalk 0.9532 157 310 221 382
crosswalk 0.0026 111 142 175 210
crosswalk 0.0023 109 293 150 411
crosswalk 0.0020 11 392 23 399
crosswalk 0.0012 143 369 152 396
