trafficlight 0.0581 117 302 140 350
trafficlight 0.0430 179 385 213 399
trafficlight 0.0206 180 377 201 397
trafficlight 0.0110 190 390 210 399
trafficlight 0.0102 112 299 146 369
trafficlight 0.0076 93 353 111 375
trafficlight 0.0041 174 377 193 397
trafficlight 0.0025 118 185 124 200
trafficlight 0.0021 148 262 174 286
trafficlight 0.0018 117 181 124 205
trafficlight 0.0016 114 176 125 209
trafficlight 0.0015 199 388 209 398
trafficlight 0.0015 94 276 176 399
trafficlight 0.0014 169 376 184 394
trafficlight 0.0013 89 347 118 381
trafficlight 0.0011 158 375 198 399
trafficlight 0.0010 123 298 153 358
trafficlight 0.0010 109 290 169 367
stop 0.0023 117 302 140 350
stop 0.0014 121 305 138 328
stop 0.0011 93 353 111 375
speedlimit 0.9272 148 262 174 286
speedlimit 0.0028 135 248 192 299
speedlimit 0.0027 142 250 179 287
speedlimit 0.0018 118 303 139 348
speedlimit 0.0010 159 262 175 285
crosswalk 0.0059 181 390 213 400
crosswalk 0.0015 118 303 139 348
