trafficlight 0.8209 226 43 242 81
trafficlight 0.5191 106 106 119 127
trafficlight 0.0125 127 95 139 112
trafficlight 0.0081 109 97 124 122
trafficlight 0.0052 232 43 258 79
trafficlight 0.0037 91 210 125 241
trafficlight 0.0033 219 31 243 73
trafficlight 0.0033 231 177 235 184
trafficlight 0.0025 107 104 119 117
trafficlight 0.0024 204 29 272 102
trafficlight 0.0024 112 105 125 127
trafficlight 0.0021 128 94 138 104
trafficlight 0.0021 230 177 235 190
trafficlight 0.0019 108 104 129 144
trafficlight 0.0018 212 48 233 74
trafficlight 0.0017 229 41 244 72
trafficlight 0.0017 228 52 249 84
trafficlight 0.0016 388 108 396 125
trafficlight 0.0016 224 54 238 81
trafficlight 0.0014 91 58 100 81
trafficlight 0.0010 225 42 272 91
stop 0.0625 106 105 119 126
stop 0.0031 225 42 242 82
stop 0.0027 91 210 124 241
stop 0.0022 108 104 119 117
stop 0.0016 137 149 146 161
stop 0.0010 127 94 138 107
speedlimit 0.8890 91 209 126 241
speedlimit 0.0063 107 105 119 127
speedlimit 0.0032 78 204 133 251
speedlimit 0.0030 226 42 242 81
speedlimit 0.0014 316 167 321 173
crosswalk 0.0041 107 105 119 127
crosswalk 0.0035 91 210 124 241
crosswalk 0.0026 287 209 298 217
crosswalk 0.0023 226 42 242 81
crosswalk 0.0019 136 147 146 160
