trafficlight 0.2706 125 333 218 394
trafficlight 0.0203 57 267 67 298
trafficlight 0.0126 199 277 285 404
trafficlight 0.0101 119 283 233 403
trafficlight 0.0054 218 310 280 394
trafficlight 0.0054 285 0 301 19
trafficlight 0.0054 52 264 70 321
trafficlight 0.0044 196 262 211 305
trafficlight 0.0043 54 229 89 346
trafficlight 0.0040 125 362 225 398
trafficlight 0.0031 97 229 229 434
trafficlight 0.0025 151 351 214 391
trafficlight 0.0024 276 337 297 393
trafficlight 0.0024 121 336 132 349
trafficlight 0.0023 172 327 222 401
trafficlight 0.0020 46 259 75 339
trafficlight 0.0019 270 327 304 402
trafficlight 0.0018 120 334 134 360
trafficlight 0.0018 97 -12 389 340
trafficlight 0.0014 154 373 217 393
trafficlight 0.0014 79 182 111 217
trafficlight 0.0012 58 268 67 284
trafficlight 0.0012 9 98 274 479
trafficlight 0.0012 259 311 287 394
trafficlight 0.0011 174 219 265 364
trafficlight 0.0011 114 345 194 400
trafficlight 0.0010 179 -29 329 250
stop 0.0023 126 333 218 394
stop 0.0011 79 182 111 217
speedlimit 0.9418 79 183 111 217
speedlimit 0.0024 126 333 218 394
speedlimit 0.0017 172 393 212 399
speedlimit 0.0013 149 390 223 399
crosswalk 0.0021 126 333 218 394
crosswalk 0.0014 79 182 111 217
