trafficlight 0.0041 69 377 79 394
trafficlight 0.0031 24 275 48 304
trafficlight 0.0022 294 0 300 8
trafficlight 0.0016 73 378 83 395
trafficlight 0.0015 96 132 137 172
trafficlight 0.0010 290 1 299 10
stop 0.0052 33 -88 401 301
stop 0.0036 -85 86 259 450
stop 0.0026 69 377 79 395
stop 0.0021 133 -3 297 97
stop 0.0016 38 -28 331 215
stop 0.0015 26 280 48 304
stop 0.0011 97 132 136 172
speedlimit 0.9592 95 132 135 172
speedlimit 0.0019 293 0 299 7
speedlimit 0.0016 69 377 80 394
crosswalk 0.7144 70 377 79 394
crosswalk 0.0072 66 374 84 397
crosswalk 0.0038 188 237 194 244
crosswalk 0.0026 65 378 76 395
crosswalk 0.0018 185 236 195 245
crosswalk 0.0017 294 0 300 8
crosswalk 0.0015 73 378 83 395
crosswalk 0.0013 96 132 137 172
