trafficlight 0.8591 206 259 249 325
trafficlight 0.0177 159 340 225 397
trafficlight 0.0104 232 255 259 295
trafficlight 0.0093 206 257 227 328
trafficlight 0.0086 161 392 178 399
trafficlight 0.0054 210 267 232 316
trafficlight 0.0043 121 176 159 214
trafficlight 0.0040 151 316 238 409
trafficlight 0.0032 217 311 253 339
trafficlight 0.0029 227 345 246 363
trafficlight 0.0028 251 0 267 17
trafficlight 0.0028 215 273 256 317
trafficlight 0.0026 186 244 248 335
trafficlight 0.0013 210 295 252 321
trafficlight 0.0011 199 293 273 361
stop 0.9514 121 176 160 215
stop 0.0115 162 392 177 399
stop 0.0034 205 258 245 326
stop 0.0021 227 345 246 363
stop 0.0013 233 255 260 292
speedlimit 0.0036 164 393 179 399
speedlimit 0.0036 122 177 160 215
speedlimit 0.0028 119 241 124 249
speedlimit 0.0023 227 345 246 363
speedlimit 0.0023 205 258 245 326
speedlimit 0.0014 117 243 123 250
speedlimit 0.0014 234 254 261 291
crosswalk 0.8859 233 255 260 292
crosswalk 0.8760 227 345 246 363
crosswalk 0.5553 212 254 256 321
crosswalk 0.0040 226 245 272 301
crosswalk 0.0031 121 176 159 214
crosswalk 0.0016 207 259 236 323
crosswalk 0.0016 268 392 280 399
crosswalk 0.0010 162 392 177 399
crosswalk 0.0010 190 347 226 380
