trafficlight 0.6103 250 141 284 264
trafficlight 0.1095 54 -22 169 176
trafficlight 0.0522 159 -8 232 162
trafficlight 0.0517 245 136 313 267
trafficlight 0.0494 125 152 166 178
trafficlight 0.0485 33 165 62 212
trafficlight 0.0364 388 125 399 147
trafficlight 0.0331 212 144 256 194
trafficlight 0.0308 44 158 137 225
trafficlight 0.0185 126 138 160 174
trafficlight 0.0179 82 164 132 223
trafficlight 0.0168 173 152 253 192
trafficlight 0.0142 101 162 154 195
trafficlight 0.0141 15 166 57 203
trafficlight 0.0121 178 158 208 194
trafficlight 0.0117 270 105 396 262
trafficlight 0.0113 -4 -11 51 136
trafficlight 0.0109 30 137 138 257
trafficlight 0.0106 182 161 201 188
trafficlight 0.0096 202 137 278 200
trafficlight 0.0095 217 131 291 233
trafficlight 0.0080 253 65 408 322
trafficlight 0.0057 70 27 173 143
trafficlight 0.0053 -1 150 72 220
trafficlight 0.0048 287 143 296 181
trafficlight 0.0048 51 4 84 159
trafficlight 0.0044 0 122 10 150
trafficlight 0.0041 186 133 282 275
trafficlight 0.0040 106 113 163 178
trafficlight 0.0040 317 134 338 180
trafficlight 0.0035 36 -14 69 163
trafficlight 0.0032 257 192 285 259
trafficlight 0.0032 74 162 175 232
trafficlight 0.0028 54 37 79 142
trafficlight 0.0028 223 157 246 192
trafficlight 0.0025 226 31 335 142
trafficlight 0.0024 170 123 285 211
trafficlight 0.0024 10 162 40 197
trafficlight 0.0023 285 142 297 165
trafficlight 0.0022 321 143 334 170
trafficlight 0.0021 6 142 91 247
trafficlight 0.0021 388 192 399 221
trafficlight 0.0020 387 115 398 139
trafficlight 0.0019 0 108 7 155
trafficlight 0.0018 335 129 360 163
trafficlight 0.0018 329 30 388 92
trafficlight 0.0017 115 140 175 188
trafficlight 0.0017 34 -13 106 158
trafficlight 0.0017 5 117 20 160
trafficlight 0.0016 277 140 299 179
trafficlight 0.0016 380 121 400 153
trafficlight 0.0016 154 53 258 179
trafficlight 0.0016 54 140 198 257
trafficlight 0.0015 261 217 299 259
trafficlight 0.0015 165 149 261 220
trafficlight 0.0015 17 166 61 186
trafficlight 0.0014 246 139 286 196
trafficlight 0.0014 -1 -7 57 73
trafficlight 0.0013 13 173 33 194
trafficlight 0.0013 165 156 192 190
trafficlight 0.0013 10 132 26 160
trafficlight 0.0013 285 91 364 226
trafficlight 0.0013 342 130 354 157
trafficlight 0.0013 46 140 129 194
trafficlight 0.0013 255 216 281 256
trafficlight 0.0012 141 151 172 183
trafficlight 0.0011 32 155 98 222
trafficlight 0.0011 118 -11 162 145
trafficlight 0.0011 88 152 142 188
trafficlight 0.0011 16 -47 86 196
trafficlight 0.0011 132 -4 284 231
trafficlight 0.0011 242 175 279 255
trafficlight 0.0010 35 193 64 218
trafficlight 0.0010 268 139 307 198
stop 0.0029 51 -17 168 157
stop 0.0024 226 31 335 142
stop 0.0013 248 140 285 265
speedlimit 0.9461 226 30 335 142
speedlimit 0.0046 51 -17 168 157
speedlimit 0.0018 51 58 160 175
speedlimit 0.0016 124 148 166 177
speedlimit 0.0016 156 -12 231 157
speedlimit 0.0011 248 140 285 265
crosswalk 0.0028 226 31 335 142
crosswalk 0.0027 51 -17 168 157
crosswalk 0.0011 124 148 166 177
crosswalk 0.0010 248 140 285 265
