trafficlight 0.0043 84 334 91 340
trafficlight 0.0039 -9 361 59 397
trafficlight 0.0032 89 332 94 338
trafficlight 0.0021 201 326 208 337
trafficlight 0.0021 87 334 92 339
trafficlight 0.0020 5 354 12 362
trafficlight 0.0016 204 333 208 340
trafficlight 0.0014 8 354 17 362
trafficlight 0.0014 120 154 165 200
trafficlight 0.0012 7 376 58 399
trafficlight 0.0010 2 354 10 364
trafficlight 0.0010 85 333 90 339
stop 0.0014 120 154 165 199
stop 0.0012 85 333 90 339
speedlimit 0.9609 120 154 165 199
speedlimit 0.0212 85 335 91 340
speedlimit 0.0132 87 334 92 339
speedlimit 0.0025 89 332 94 338
speedlimit 0.0013 83 335 88 340
speedlimit 0.0011 88 335 93 342
crosswalk 0.0470 85 335 91 340
crosswalk 0.0152 70 316 76 323
crosswalk 0.0152 87 334 92 339
crosswalk 0.0073 124 343 129 349
crosswalk 0.0043 83 335 88 340
crosswalk 0.0036 123 341 131 349
crosswalk 0.0023 8 354 17 362
crosswalk 0.0016 120 154 165 200
crosswalk 0.0014 89 332 94 338
crosswalk 0.0013 252 327 260 335
crosswalk 0.0012 68 314 80 326
crosswalk 0.0012 84 334 90 343
crosswalk 0.0011 125 343 133 351
crosswalk 0.0011 5 354 12 362
