trafficlight 0.8982 204 166 226 225
trafficlight 0.8270 90 169 113 215
trafficlight 0.0820 146 246 179 299
trafficlight 0.0666 248 224 252 232
trafficlight 0.0311 246 226 252 235
trafficlight 0.0268 248 218 253 231
trafficlight 0.0096 186 166 224 222
trafficlight 0.0081 194 173 215 220
trafficlight 0.0079 245 219 253 233
trafficlight 0.0077 196 163 236 229
trafficlight 0.0065 140 233 147 250
trafficlight 0.0061 96 167 121 212
trafficlight 0.0043 140 235 149 258
trafficlight 0.0043 214 167 234 225
trafficlight 0.0042 150 245 172 285
trafficlight 0.0037 79 163 124 221
trafficlight 0.0035 243 223 253 240
trafficlight 0.0026 142 232 147 238
trafficlight 0.0025 137 243 173 313
trafficlight 0.0025 238 225 246 240
trafficlight 0.0025 294 117 299 129
trafficlight 0.0024 108 170 121 208
trafficlight 0.0022 223 255 229 268
trafficlight 0.0021 248 214 254 226
trafficlight 0.0020 202 198 217 221
trafficlight 0.0019 242 228 249 243
trafficlight 0.0018 84 172 103 212
trafficlight 0.0017 222 180 237 225
trafficlight 0.0015 140 231 149 242
trafficlight 0.0015 286 97 299 113
trafficlight 0.0015 62 238 89 291
trafficlight 0.0014 288 100 297 111
trafficlight 0.0014 151 253 181 368
trafficlight 0.0014 97 69 115 165
trafficlight 0.0014 153 245 188 321
trafficlight 0.0013 125 219 201 321
trafficlight 0.0012 251 222 257 232
trafficlight 0.0011 197 191 205 219
trafficlight 0.0011 244 216 255 236
trafficlight 0.0011 98 181 115 217
trafficlight 0.0011 201 182 219 226
trafficlight 0.0011 290 114 300 129
trafficlight 0.0011 103 59 115 110
trafficlight 0.0011 198 202 209 219
trafficlight 0.0010 111 179 121 211
stop 0.0024 90 168 112 215
stop 0.0023 203 167 226 221
stop 0.0010 248 224 252 232
speedlimit 0.0048 248 224 252 232
speedlimit 0.0047 203 167 226 221
speedlimit 0.0037 90 169 113 215
speedlimit 0.0013 143 232 148 238
speedlimit 0.0012 246 226 252 235
crosswalk 0.9358 170 182 202 214
crosswalk 0.4767 197 175 229 218
crosswalk 0.0229 143 232 148 238
crosswalk 0.0070 248 226 252 233
crosswalk 0.0065 92 168 115 216
crosswalk 0.0031 206 165 225 225
crosswalk 0.0027 225 151 232 162
crosswalk 0.0016 85 169 107 215
crosswalk 0.0012 186 166 224 222
