trafficlight 0.0266 230 304 302 401
trafficlight 0.0106 212 265 315 420
trafficlight 0.0026 32 314 123 399
trafficlight 0.0024 2 332 8 345
trafficlight 0.0018 0 334 7 348
trafficlight 0.0017 68 239 103 335
trafficlight 0.0014 159 173 187 200
trafficlight 0.0014 82 251 105 331
trafficlight 0.0011 -1 331 12 353
stop 0.0012 159 173 187 200
speedlimit 0.9528 159 173 187 201
speedlimit 0.0034 154 170 195 209
speedlimit 0.0023 166 388 247 399
speedlimit 0.0021 193 392 231 399
crosswalk 0.0028 159 174 187 200
