trafficlight 0.0213 253 348 273 390
trafficlight 0.0048 74 376 176 398
trafficlight 0.0034 45 381 61 396
trafficlight 0.0030 -14 385 52 400
trafficlight 0.0028 -1 65 182 242
trafficlight 0.0027 221 45 240 69
trafficlight 0.0020 150 282 180 407
trafficlight 0.0020 68 50 86 74
trafficlight 0.0019 220 78 227 87
trafficlight 0.0019 37 386 62 398
trafficlight 0.0017 223 343 277 401
trafficlight 0.0016 164 143 242 223
trafficlight 0.0012 244 345 279 384
trafficlight 0.0011 49 84 56 91
trafficlight 0.0011 166 78 183 87
trafficlight 0.0011 216 314 309 424
trafficlight 0.0010 218 78 231 88
stop 0.0018 221 79 226 86
stop 0.0017 164 143 242 223
stop 0.0012 37 386 62 398
stop 0.0010 45 381 61 396
speedlimit 0.9632 163 144 241 223
speedlimit 0.0279 171 79 179 87
speedlimit 0.0087 49 84 56 91
speedlimit 0.0067 166 78 183 87
speedlimit 0.0051 129 82 136 88
speedlimit 0.0030 157 80 181 88
speedlimit 0.0026 -12 65 176 246
speedlimit 0.0023 164 81 184 92
speedlimit 0.0020 128 80 137 87
speedlimit 0.0015 45 85 58 93
speedlimit 0.0011 40 82 60 92
speedlimit 0.0010 107 378 163 398
crosswalk 0.0136 225 194 302 227
crosswalk 0.0125 231 77 246 86
crosswalk 0.0062 150 282 180 407
crosswalk 0.0028 229 74 249 89
crosswalk 0.0021 164 143 242 223
crosswalk 0.0017 171 80 179 87
crosswalk 0.0012 17 88 154 237
crosswalk 0.0010 136 256 193 432
