trafficlight 0.0122 239 296 281 384
trafficlight 0.0079 222 317 303 401
trafficlight 0.0049 213 263 309 414
trafficlight 0.0018 43 -2 67 51
trafficlight 0.0016 104 0 126 48
trafficlight 0.0014 127 84 185 143
trafficlight 0.0013 51 5 74 58
trafficlight 0.0013 238 312 256 352
trafficlight 0.0010 -5 -6 35 51
trafficlight 0.0010 60 7 78 56
trafficlight 0.0010 107 1 122 35
stop 0.0010 128 85 184 142
speedlimit 0.9601 127 85 184 142
speedlimit 0.0094 250 75 275 98
speedlimit 0.0041 243 70 281 102
speedlimit 0.0012 239 59 289 115
crosswalk 0.0216 179 151 216 172
crosswalk 0.0047 166 146 225 175
crosswalk 0.0012 127 84 185 143
