trafficlight 0.0023 191 223 203 240
trafficlight 0.0022 85 205 96 216
trafficlight 0.0015 93 129 136 172
trafficlight 0.0013 183 169 202 183
trafficlight 0.0012 169 255 175 261
trafficlight 0.0010 18 221 300 440
stop 0.8855 191 223 203 239
stop 0.0035 186 216 205 247
stop 0.0019 85 205 96 216
stop 0.0017 87 292 359 414
stop 0.0013 169 255 175 261
stop 0.0013 141 314 339 394
stop 0.0012 93 129 136 172
stop 0.0010 187 216 202 234
speedlimit 0.9457 93 128 136 171
speedlimit 0.6233 85 204 95 217
speedlimit 0.0123 183 169 202 183
speedlimit 0.0103 89 206 97 217
speedlimit 0.0070 189 169 200 178
speedlimit 0.0040 79 202 100 220
speedlimit 0.0024 190 223 203 239
speedlimit 0.0017 169 255 175 261
speedlimit 0.0014 175 165 208 187
speedlimit 0.0011 84 208 93 217
crosswalk 0.0159 170 254 176 261
crosswalk 0.0120 168 254 174 261
crosswalk 0.0085 1 260 7 270
crosswalk 0.0042 190 223 203 239
crosswalk 0.0031 0 253 11 270
crosswalk 0.0026 -6 254 9 275
crosswalk 0.0020 85 205 96 216
crosswalk 0.0014 93 129 136 172
crosswalk 0.0011 -9 250 12 279
crosswalk 0.0011 -1 258 12 276
