trafficlight 0.0311 29 246 38 258
trafficlight 0.0086 18 235 24 244
trafficlight 0.0076 23 244 40 260
trafficlight 0.0048 18 234 23 240
trafficlight 0.0035 144 230 152 239
trafficlight 0.0032 16 235 23 247
trafficlight 0.0030 151 181 329 435
trafficlight 0.0024 23 247 43 266
trafficlight 0.0022 132 225 140 247
trafficlight 0.0021 30 246 37 254
trafficlight 0.0021 115 237 120 244
trafficlight 0.0017 175 228 186 238
trafficlight 0.0014 116 238 122 244
trafficlight 0.0013 106 246 112 253
trafficlight 0.0013 129 215 140 256
trafficlight 0.0012 199 259 311 387
stop 0.0014 145 230 152 238
stop 0.0012 175 228 186 238
speedlimit 0.8296 175 227 185 237
speedlimit 0.0068 176 231 186 241
speedlimit 0.0052 146 230 152 237
speedlimit 0.0040 172 225 189 240
speedlimit 0.0027 51 243 57 249
speedlimit 0.0013 172 227 180 237
speedlimit 0.0011 50 242 55 249
speedlimit 0.0010 113 181 290 312
crosswalk 0.1796 144 230 152 239
crosswalk 0.0701 106 246 112 253
crosswalk 0.0020 51 243 55 249
crosswalk 0.0018 143 234 151 244
crosswalk 0.0017 142 229 155 241
crosswalk 0.0017 141 231 146 240
crosswalk 0.0016 175 228 186 238
crosswalk 0.0012 102 244 113 255
crosswalk 0.0010 141 230 146 238
