trafficlight 0.8243 190 86 208 120
trafficlight 0.6426 94 47 115 94
trafficlight 0.0388 187 85 202 114
trafficlight 0.0216 194 85 216 124
trafficlight 0.0054 76 33 136 110
trafficlight 0.0041 171 78 231 133
trafficlight 0.0022 135 218 149 233
trafficlight 0.0019 186 94 203 123
trafficlight 0.0018 0 110 5 122
trafficlight 0.0018 192 67 223 122
trafficlight 0.0013 192 85 208 103
trafficlight 0.0011 188 85 199 105
trafficlight 0.0011 49 207 56 216
trafficlight 0.0011 146 303 291 405
trafficlight 0.0010 47 207 61 217
trafficlight 0.0010 0 106 6 126
trafficlight 0.0010 96 18 131 99
trafficlight 0.0010 193 214 200 222
stop 0.0040 95 47 115 94
stop 0.0013 192 85 208 121
speedlimit 0.0062 160 224 167 230
speedlimit 0.0057 95 47 115 94
speedlimit 0.0020 192 85 208 121
crosswalk 0.0116 49 207 56 216
crosswalk 0.0054 94 48 115 94
crosswalk 0.0039 262 208 267 215
crosswalk 0.0029 160 223 167 230
crosswalk 0.0016 261 206 269 214
crosswalk 0.0013 191 85 208 120
crosswalk 0.0012 43 206 330 456
crosswalk 0.0011 261 209 268 219
