trafficlight 0.0014 9 209 17 218
trafficlight 0.0010 111 191 132 214
stop 0.0013 10 210 18 218
stop 0.0010 111 191 132 214
speedlimit 0.9418 111 155 133 178
speedlimit 0.9313 111 191 132 214
speedlimit 0.5419 10 209 17 218
speedlimit 0.0129 6 210 13 217
speedlimit 0.0101 10 208 21 220
speedlimit 0.0019 50 24 56 29
speedlimit 0.0018 77 173 166 239
speedlimit 0.0016 88 145 156 195
speedlimit 0.0011 113 155 132 168
crosswalk 0.0025 10 210 17 218
crosswalk 0.0014 112 393 152 400
crosswalk 0.0011 111 192 133 214
crosswalk 0.0010 112 155 133 178
