trafficlight 0.1851 214 76 287 305
trafficlight 0.0893 221 -14 284 190
trafficlight 0.0262 182 91 306 401
trafficlight 0.0093 211 -53 298 260
trafficlight 0.0065 216 0 295 115
trafficlight 0.0063 172 -86 384 302
trafficlight 0.0054 195 45 347 333
trafficlight 0.0028 143 57 410 441
trafficlight 0.0024 102 147 153 212
trafficlight 0.0019 279 370 298 398
trafficlight 0.0019 221 132 281 261
trafficlight 0.0017 209 218 283 430
trafficlight 0.0012 196 299 214 365
trafficlight 0.0012 215 0 225 16
stop 0.0060 166 -92 435 309
stop 0.0023 29 0 39 9
stop 0.0018 215 80 286 302
stop 0.0016 102 147 153 212
stop 0.0016 220 -12 285 187
stop 0.0012 225 -50 378 266
speedlimit 0.9122 103 147 153 212
speedlimit 0.0085 29 0 39 9
speedlimit 0.0035 24 1 43 13
speedlimit 0.0033 213 45 288 300
speedlimit 0.0026 172 -86 384 302
speedlimit 0.0023 218 -23 288 199
speedlimit 0.0014 80 49 91 58
speedlimit 0.0012 203 -25 336 209
crosswalk 0.0088 187 277 211 365
crosswalk 0.0021 102 147 153 212
crosswalk 0.0020 188 294 204 359
crosswalk 0.0018 73 282 94 350
crosswalk 0.0014 215 57 287 288
crosswalk 0.0014 220 -12 285 187
crosswalk 0.0013 172 -86 384 302
crosswalk 0.0011 150 228 249 411
