trafficlight 0.0073 92 226 117 258
trafficlight 0.0015 290 283 297 292
trafficlight 0.0012 79 219 125 263
trafficlight 0.0010 282 287 289 293
trafficlight 0.0010 81 276 93 284
trafficlight 0.0010 99 228 119 271
stop 0.0108 282 289 287 294
stop 0.0010 132 169 153 190
speedlimit 0.9317 132 169 154 190
speedlimit 0.0516 282 289 287 294
speedlimit 0.0013 279 288 289 296
speedlimit 0.0010 134 165 152 183
speedlimit 0.0010 81 276 92 284
speedlimit 0.0010 103 149 166 198
speedlimit 0.0010 98 151 187 217
crosswalk 0.0998 81 276 93 284
crosswalk 0.0053 -17 314 220 388
crosswalk 0.0039 12 281 261 378
crosswalk 0.0019 283 288 288 293
crosswalk 0.0019 -25 335 158 402
crosswalk 0.0014 71 275 89 287
crosswalk 0.0012 79 259 85 265
crosswalk 0.0010 132 169 153 190
crosswalk 0.0010 -37 299 172 418
crosswalk 0.0010 81 259 88 265
