trafficlight 0.0038 199 51 206 64
trafficlight 0.0029 201 51 208 65
trafficlight 0.0016 199 53 208 71
trafficlight 0.0015 269 -2 297 70
trafficlight 0.0014 199 49 205 60
trafficlight 0.0013 104 148 150 194
trafficlight 0.0013 103 221 148 267
trafficlight 0.0012 198 49 211 74
stop 0.0013 103 221 148 267
stop 0.0012 105 147 150 194
speedlimit 0.9570 104 147 150 194
speedlimit 0.9486 103 221 148 267
crosswalk 0.0070 0 256 6 271
crosswalk 0.0014 103 221 148 267
crosswalk 0.0013 104 148 150 194
crosswalk 0.0012 -7 251 8 278
