trafficlight 0.0232 98 256 113 274
trafficlight 0.0089 5 257 23 269
trafficlight 0.0057 92 253 109 273
trafficlight 0.0026 94 252 117 278
trafficlight 0.0019 102 250 111 269
trafficlight 0.0017 83 249 95 267
trafficlight 0.0014 103 259 113 273
trafficlight 0.0012 0 254 28 273
trafficlight 0.0011 98 204 116 223
trafficlight 0.0010 5 263 22 275
stop 0.0022 7 259 20 269
stop 0.0011 98 204 116 222
speedlimit 0.9191 97 204 116 222
speedlimit 0.0014 99 201 120 232
speedlimit 0.0011 41 263 47 270
crosswalk 0.0035 56 245 61 251
crosswalk 0.0017 8 269 16 276
crosswalk 0.0014 0 393 6 399
crosswalk 0.0013 85 251 95 266
crosswalk 0.0012 98 204 116 222
crosswalk 0.0011 5 263 22 275
crosswalk 0.0011 54 245 62 254
crosswalk 0.0010 0 393 10 399
