trafficlight 0.0095 18 219 30 243
trafficlight 0.0023 205 268 216 279
trafficlight 0.0014 116 265 135 302
trafficlight 0.0011 18 227 31 250
trafficlight 0.0011 59 266 71 285
trafficlight 0.0010 117 209 143 235
trafficlight 0.0010 15 214 34 248
stop 0.0320 18 219 30 238
stop 0.0031 15 214 34 248
stop 0.0022 17 214 31 232
stop 0.0018 205 268 216 279
speedlimit 0.9325 117 209 142 234
speedlimit 0.7994 205 267 216 278
speedlimit 0.0048 203 266 219 280
speedlimit 0.0017 103 201 160 250
speedlimit 0.0011 18 219 30 238
speedlimit 0.0011 19 223 30 250
crosswalk 0.0090 59 238 75 252
crosswalk 0.0039 54 232 76 252
crosswalk 0.0019 205 268 216 279
crosswalk 0.0014 46 224 83 259
